timepoint_label	lz_demand_mw_as_consumption	DumpPower	LZ_NetDispatch
2007-01-30-00:00	-682.140014648438	-1.2434497875801753e-14	682.140014648438
2007-01-30-01:00	-643.77001953125	2.842170943040401e-14	643.77001953125
2007-01-30-02:00	-632.400024414062	4.263256414560601e-14	632.400024414062
2007-01-30-03:00	-661.369995117188	-2.842170943040401e-14	661.369995117188
2007-01-30-04:00	-724.239990234375	-2.842170943040401e-14	724.239990234375
2007-01-30-05:00	-848.130004882812	0.0	848.130004882812
2007-01-30-06:00	-978.140014648438	5.684341886080802e-14	978.140014648438
2007-01-30-07:00	-1003.14001464844	2.2737367544323206e-13	1003.1400146484398
2007-01-30-08:00	-1051.32995605469	1.9895196601282805e-13	1051.3299560546898
2007-01-30-09:00	-1077.4599609375	-5.684341886080802e-14	1077.4599609375
2007-01-30-10:00	-1085.02001953125	-1.4210854715202004e-14	1085.0200195312502
2007-01-30-11:00	-1099.76000976562	3.517186542012496e-13	1099.7600097656198
2007-01-30-12:00	-1107.25	-1.758593271006248e-13	1107.25
2007-01-30-13:00	-1095.47998046875	1.7763568394002505e-13	1095.47998046875
2007-01-30-14:00	-1096.16003417969	-5.684341886080802e-14	1096.1600341796898
2007-01-30-15:00	-1090.02001953125	5.861977570020827e-14	1090.02001953125
2007-01-30-16:00	-1092.34997558594	1.1368683772161603e-13	1092.3499755859398
2007-01-30-17:00	-1120.32995605469	-1.1368683772161603e-13	1120.32995605469
2007-01-30-18:00	-1188.41003417969	-1.9895196601282805e-13	1188.41003417969
2007-01-30-19:00	-1125.72998046875	8.526512829121202e-14	1125.72998046875
2007-01-30-20:00	-1044.93994140625	2.5224267119483557e-13	1044.9399414062498
2007-01-30-21:00	-950.559997558594	9.947598300641403e-14	950.5599975585938
2007-01-30-22:00	-835.159973144531	7.105427357601002e-14	835.159973144531
2007-01-30-23:00	-739.869995117188	8.526512829121202e-14	739.869995117188
2007-02-17-00:00	-715.02001953125	1.4210854715202004e-13	715.02001953125
2007-02-17-01:00	-676.679992675781	-1.4210854715202004e-14	676.679992675781
2007-02-17-02:00	-657.390014648438	0.0	657.390014648438
2007-02-17-03:00	-655.849975585938	4.263256414560601e-14	655.849975585938
2007-02-17-04:00	-668.530029296875	-1.4210854715202004e-14	668.530029296875
2007-02-17-05:00	-723.869995117188	-7.105427357601002e-15	723.869995117188
2007-02-17-06:00	-798.780029296875	-2.842170943040401e-14	798.780029296875
2007-02-17-07:00	-895.909973144531	1.1368683772161603e-13	895.909973144531
2007-02-17-08:00	-978.489990234375	1.7053025658242404e-13	978.4899902343748
2007-02-17-09:00	-1023.96002197266	3.268496584496461e-13	1023.9600219726599
2007-02-17-10:00	-1038.83996582031	3.019806626980426e-14	1038.83996582031
2007-02-17-11:00	-1031.02001953125	1.9895196601282805e-13	1031.0200195312498
2007-02-17-12:00	-1011.78002929688	8.526512829121202e-14	1011.7800292968798
2007-02-17-13:00	-992.25	3.552713678800501e-14	992.25
2007-02-17-14:00	-985.390014648438	1.4210854715202004e-14	985.3900146484377
2007-02-17-15:00	-985.869995117188	-9.237055564881302e-14	985.869995117188
2007-02-17-16:00	-994.52001953125	1.4210854715202004e-13	994.5200195312498
2007-02-17-17:00	-1004.57000732422	-4.618527782440651e-14	1004.5700073242199
2007-02-17-18:00	-1044.72998046875	-9.947598300641403e-14	1044.72998046875
2007-02-17-19:00	-1013.21002197266	5.684341886080802e-14	1013.2100219726601
2007-02-17-20:00	-967.340026855469	4.973799150320701e-14	967.340026855469
2007-02-17-21:00	-909.450012207031	-1.4210854715202004e-14	909.450012207031
2007-02-17-22:00	-828.909973144531	1.4210854715202004e-14	828.909973144531
2007-02-17-23:00	-747.140014648438	8.526512829121202e-14	747.140014648438
2007-03-12-00:00	-703.289978027344	4.440892098500626e-14	703.289978027344
2007-03-12-01:00	-671.799987792969	-3.552713678800501e-14	671.799987792969
2007-03-12-02:00	-658.059997558594	-2.842170943040401e-14	658.059997558594
2007-03-12-03:00	-669.010009765625	-8.526512829121202e-14	669.010009765625
2007-03-12-04:00	-732.510009765625	7.105427357601002e-15	732.510009765625
2007-03-12-05:00	-858.590026855469	4.263256414560601e-14	858.590026855469
2007-03-12-06:00	-985.599975585938	-3.019806626980426e-14	985.599975585938
2007-03-12-07:00	-1028.08996582031	-7.105427357601002e-14	1028.08996582031
2007-03-12-08:00	-1084.18005371094	3.055333763768431e-13	1084.1800537109398
2007-03-12-09:00	-1119.39001464844	1.2967404927621828e-13	1119.39001464844
2007-03-12-10:00	-1136.94995117188	6.394884621840902e-14	1136.9499511718798
2007-03-12-11:00	-1143.31994628906	1.4921397450962104e-13	1143.3199462890598
2007-03-12-12:00	-1154.73999023438	-1.829647544582258e-13	1154.73999023438
2007-03-12-13:00	-1148.96997070312	-1.5631940186722204e-13	1148.9699707031198
2007-03-12-14:00	-1144.96997070312	2.4158453015843406e-13	1144.9699707031198
2007-03-12-15:00	-1129.88000488281	4.547473508864641e-13	1129.8800048828098
2007-03-12-16:00	-1119.14001464844	9.947598300641403e-14	1119.14001464844
2007-03-12-17:00	-1139.19995117188	-1.7053025658242404e-13	1139.19995117188
2007-03-12-18:00	-1177.03002929688	1.1368683772161603e-13	1177.0300292968798
2007-03-12-19:00	-1149.5	1.1368683772161603e-13	1149.4999999999998
2007-03-12-20:00	-1082.52001953125	1.1368683772161603e-13	1082.5200195312498
2007-03-12-21:00	-990.450012207031	9.592326932761353e-14	990.450012207031
2007-03-12-22:00	-867.080017089844	5.684341886080802e-14	867.080017089844
2007-03-12-23:00	-767.440002441406	9.237055564881302e-14	767.440002441406
2007-04-09-00:00	-668.599975585938	-1.7763568394002505e-14	668.599975585938
2007-04-09-01:00	-638.849975585938	1.0658141036401503e-13	638.849975585938
2007-04-09-02:00	-627.669982910156	0.0	627.669982910156
2007-04-09-03:00	-637.849975585938	-2.6645352591003757e-14	637.849975585938
2007-04-09-04:00	-696.780029296875	3.019806626980426e-14	696.7800292968748
2007-04-09-05:00	-820.309997558594	7.460698725481052e-14	820.3099975585938
2007-04-09-06:00	-938.289978027344	-1.4033219031261979e-13	938.289978027344
2007-04-09-07:00	-999.880004882812	1.4210854715202004e-13	999.880004882812
2007-04-09-08:00	-1051.59997558594	1.7053025658242404e-13	1051.59997558594
2007-04-09-09:00	-1084.13000488281	-2.6645352591003757e-14	1084.13000488281
2007-04-09-10:00	-1112.65002441406	-5.684341886080802e-14	1112.65002441406
2007-04-09-11:00	-1122.59997558594	-1.6342482922482304e-13	1122.59997558594
2007-04-09-12:00	-1133.93005371094	-1.5631940186722204e-13	1133.9300537109398
2007-04-09-13:00	-1133.96997070312	2.1316282072803006e-14	1133.9699707031198
2007-04-09-14:00	-1131.19995117188	1.2789769243681803e-13	1131.19995117188
2007-04-09-15:00	-1123.7900390625	2.8421709430404007e-13	1123.7900390624998
2007-04-09-16:00	-1108.93994140625	-9.237055564881302e-14	1108.93994140625
2007-04-09-17:00	-1099.33996582031	5.684341886080802e-14	1099.33996582031
2007-04-09-18:00	-1141.83996582031	0.0	1141.83996582031
2007-04-09-19:00	-1142.05004882812	-1.7763568394002505e-13	1142.05004882812
2007-04-09-20:00	-1076.71997070312	5.080380560684716e-13	1076.7199707031198
2007-04-09-21:00	-973.169982910156	2.842170943040401e-14	973.169982910156
2007-04-09-22:00	-845.47998046875	4.263256414560601e-14	845.47998046875
2007-04-09-23:00	-748.799987792969	3.907985046680551e-14	748.799987792969
2007-04-10-00:00	-695.489990234375	-5.684341886080802e-14	695.489990234375
2007-04-10-01:00	-662.450012207031	3.907985046680551e-14	662.450012207031
2007-04-10-02:00	-648.210021972656	-5.684341886080802e-14	648.210021972656
2007-04-10-03:00	-655.630004882812	2.1316282072803006e-14	655.630004882812
2007-04-10-04:00	-713.840026855469	1.4210854715202004e-14	713.8400268554688
2007-04-10-05:00	-845.539978027344	-2.6645352591003757e-14	845.539978027344
2007-04-10-06:00	-956.039978027344	1.4210854715202004e-13	956.0399780273438
2007-04-10-07:00	-997.919982910156	7.105427357601002e-14	997.919982910156
2007-04-10-08:00	-1057.0400390625	8.526512829121202e-14	1057.0400390625
2007-04-10-09:00	-1091.4599609375	7.283063041541027e-14	1091.4599609374998
2007-04-10-10:00	-1116.53002929688	2.5579538487363607e-13	1116.53002929688
2007-04-10-11:00	-1121.53002929688	-5.684341886080802e-14	1121.53002929688
2007-04-10-12:00	-1134.59997558594	-1.4210854715202004e-14	1134.59997558594
2007-04-10-13:00	-1131.81994628906	1.7053025658242404e-13	1131.81994628906
2007-04-10-14:00	-1125.47998046875	8.704148513061227e-14	1125.47998046875
2007-04-10-15:00	-1110.61999511719	4.263256414560601e-14	1110.61999511719
2007-04-10-16:00	-1097.68994140625	2.5579538487363607e-13	1097.6899414062498
2007-04-10-17:00	-1103.31005859375	4.263256414560601e-14	1103.3100585937498
2007-04-10-18:00	-1139.36999511719	2.2737367544323206e-13	1139.36999511719
2007-04-10-19:00	-1114.2900390625	2.1316282072803006e-13	1114.2900390624998
2007-04-10-20:00	-1054.9599609375	-1.1368683772161603e-13	1054.9599609375
2007-04-10-21:00	-960.510009765625	6.927791673660977e-14	960.5100097656248
2007-04-10-22:00	-841.960021972656	-5.684341886080802e-14	841.960021972656
2007-04-10-23:00	-740.0	7.105427357601002e-14	739.9999999999998
2007-05-15-00:00	-688.190002441406	-3.552713678800501e-14	688.190002441406
2007-05-15-01:00	-656.75	3.019806626980426e-14	656.75
2007-05-15-02:00	-645.380004882812	2.842170943040401e-14	645.380004882812
2007-05-15-03:00	-651.080017089844	-5.684341886080802e-14	651.080017089844
2007-05-15-04:00	-705.890014648438	1.2434497875801753e-14	705.890014648438
2007-05-15-05:00	-823.039978027344	0.0	823.0399780273438
2007-05-15-06:00	-941.02001953125	9.947598300641403e-14	941.02001953125
2007-05-15-07:00	-1007.32000732422	-1.4210854715202004e-14	1007.3200073242201
2007-05-15-08:00	-1069.82995605469	4.263256414560601e-14	1069.82995605469
2007-05-15-09:00	-1103.03002929688	4.263256414560601e-14	1103.0300292968798
2007-05-15-10:00	-1121.83996582031	8.526512829121202e-14	1121.83996582031
2007-05-15-11:00	-1136.22998046875	5.861977570020827e-14	1136.22998046875
2007-05-15-12:00	-1139.85998535156	9.947598300641403e-14	1139.85998535156
2007-05-15-13:00	-1135.69995117188	5.684341886080802e-14	1135.6999511718798
2007-05-15-14:00	-1132.44995117188	-1.4210854715202004e-14	1132.44995117188
2007-05-15-15:00	-1126.46997070312	1.8474111129762605e-13	1126.46997070312
2007-05-15-16:00	-1110.61999511719	1.7053025658242404e-13	1110.61999511719
2007-05-15-17:00	-1094.17004394531	-3.019806626980426e-14	1094.17004394531
2007-05-15-18:00	-1099.05004882812	1.7053025658242404e-13	1099.05004882812
2007-05-15-19:00	-1119.14001464844	1.7763568394002505e-15	1119.14001464844
2007-05-15-20:00	-1055.7099609375	1.4210854715202004e-13	1055.7099609375
2007-05-15-21:00	-964.52001953125	-2.842170943040401e-14	964.5200195312498
2007-05-15-22:00	-843.450012207031	1.5631940186722204e-13	843.450012207031
2007-05-15-23:00	-739.159973144531	4.263256414560601e-14	739.159973144531
2007-05-30-00:00	-716.440002441406	2.6645352591003757e-14	716.440002441406
2007-05-30-01:00	-682.460021972656	7.105427357601002e-15	682.460021972656
2007-05-30-02:00	-666.450012207031	-7.105427357601002e-14	666.450012207031
2007-05-30-03:00	-673.369995117188	-5.684341886080802e-14	673.369995117188
2007-05-30-04:00	-728.380004882812	0.0	728.380004882812
2007-05-30-05:00	-840.010009765625	-3.552713678800501e-14	840.010009765625
2007-05-30-06:00	-959.5	-9.947598300641403e-14	959.5
2007-05-30-07:00	-1035.94995117188	8.171241461241152e-14	1035.9499511718798
2007-05-30-08:00	-1097.43005371094	5.684341886080802e-14	1097.4300537109398
2007-05-30-09:00	-1133.5	2.5579538487363607e-13	1133.4999999999998
2007-05-30-10:00	-1159.68005371094	1.1368683772161603e-13	1159.68005371094
2007-05-30-11:00	-1170.7099609375	1.0658141036401503e-14	1170.7099609375
2007-05-30-12:00	-1168.46997070312	1.1368683772161603e-13	1168.46997070312
2007-05-30-13:00	-1176.73999023438	1.1013412404281553e-13	1176.7399902343798
2007-05-30-14:00	-1187.91003417969	2.8421709430404007e-13	1187.9100341796898
2007-05-30-15:00	-1185.82995605469	-1.5631940186722204e-13	1185.82995605469
2007-05-30-16:00	-1169.91003417969	-1.7053025658242404e-13	1169.91003417969
2007-05-30-17:00	-1149.43005371094	-4.973799150320701e-14	1149.43005371094
2007-05-30-18:00	-1131.71997070312	5.3290705182007514e-14	1131.7199707031198
2007-05-30-19:00	-1160.38000488281	3.126388037344441e-13	1160.3800048828098
2007-05-30-20:00	-1108.73999023438	2.3447910280083306e-13	1108.7399902343798
2007-05-30-21:00	-1016.33001708984	-5.684341886080802e-14	1016.3300170898401
2007-05-30-22:00	-896.75	-1.4210854715202004e-14	896.75
2007-05-30-23:00	-793.419982910156	9.237055564881302e-14	793.419982910156
2007-06-05-00:00	-727.590026855469	3.019806626980426e-14	727.590026855469
2007-06-05-01:00	-692.280029296875	5.684341886080802e-14	692.280029296875
2007-06-05-02:00	-697.320007324219	-4.618527782440651e-14	697.320007324219
2007-06-05-03:00	-708.429992675781	6.394884621840902e-14	708.429992675781
2007-06-05-04:00	-764.47998046875	2.4868995751603507e-14	764.47998046875
2007-06-05-05:00	-875.849975585938	0.0	875.849975585938
2007-06-05-06:00	-1000.59997558594	-9.592326932761353e-14	1000.59997558594
2007-06-05-07:00	-1077.31994628906	-4.263256414560601e-14	1077.31994628906
2007-06-05-08:00	-1143.73999023438	5.684341886080802e-14	1143.73999023438
2007-06-05-09:00	-1180.18994140625	2.2737367544323206e-13	1180.1899414062498
2007-06-05-10:00	-1200.89001464844	-1.4210854715202004e-14	1200.89001464844
2007-06-05-11:00	-1211.11999511719	5.044853423896711e-13	1211.1199951171898
2007-06-05-12:00	-1222.57995605469	2.1316282072803006e-13	1222.5799560546898
2007-06-05-13:00	-1223.7900390625	2.8421709430404007e-13	1223.7900390624998
2007-06-05-14:00	-1230.11999511719	5.258016244624741e-13	1230.1199951171898
2007-06-05-15:00	-1221.40002441406	3.694822225952521e-13	1221.4000244140598
2007-06-05-16:00	-1205.94995117188	2.6645352591003757e-13	1205.9499511718798
2007-06-05-17:00	-1191.81005859375	1.5631940186722204e-13	1191.81005859375
2007-06-05-18:00	-1160.08996582031	2.2737367544323206e-13	1160.08996582031
2007-06-05-19:00	-1182.05004882812	-2.5579538487363607e-13	1182.05004882812
2007-06-05-20:00	-1128.64001464844	-1.9895196601282805e-13	1128.64001464844
2007-06-05-21:00	-1033.73999023438	7.815970093361102e-14	1033.73999023438
2007-06-05-22:00	-918.599975585938	2.842170943040401e-14	918.599975585938
2007-06-05-23:00	-812.169982910156	-5.684341886080802e-14	812.169982910156
2007-07-19-00:00	-773.739990234375	3.019806626980426e-14	773.739990234375
2007-07-19-01:00	-735.299987792969	-2.6645352591003757e-14	735.299987792969
2007-07-19-02:00	-715.739990234375	4.263256414560601e-14	715.739990234375
2007-07-19-03:00	-722.219970703125	5.684341886080802e-14	722.219970703125
2007-07-19-04:00	-768.789978027344	-4.263256414560601e-14	768.789978027344
2007-07-19-05:00	-868.580017089844	9.947598300641403e-14	868.580017089844
2007-07-19-06:00	-969.760009765625	1.7763568394002505e-14	969.760009765625
2007-07-19-07:00	-1050.33996582031	5.684341886080802e-14	1050.3399658203098
2007-07-19-08:00	-1123.83996582031	-1.1368683772161603e-13	1123.83996582031
2007-07-19-09:00	-1175.09997558594	-5.684341886080802e-14	1175.0999755859398
2007-07-19-10:00	-1201.0	3.019806626980426e-14	1201.0
2007-07-19-11:00	-1208.77001953125	2.842170943040401e-14	1208.77001953125
2007-07-19-12:00	-1221.81005859375	1.9895196601282805e-13	1221.8100585937498
2007-07-19-13:00	-1222.2900390625	1.4210854715202004e-13	1222.2900390624998
2007-07-19-14:00	-1225.71997070312	2.984279490192421e-13	1225.7199707031198
2007-07-19-15:00	-1224.58996582031	2.842170943040401e-14	1224.5899658203098
2007-07-19-16:00	-1203.46997070312	1.8474111129762605e-13	1203.46997070312
2007-07-19-17:00	-1182.21997070312	7.815970093361102e-14	1182.21997070312
2007-07-19-18:00	-1150.43994140625	1.1368683772161603e-13	1150.4399414062498
2007-07-19-19:00	-1174.34997558594	2.5579538487363607e-13	1174.3499755859398
2007-07-19-20:00	-1126.73999023438	1.865174681370263e-13	1126.73999023438
2007-07-19-21:00	-1041.48999023438	-5.684341886080802e-14	1041.48999023438
2007-07-19-22:00	-932.070007324219	-5.5067062021407764e-14	932.070007324219
2007-07-19-23:00	-831.77001953125	0.0	831.7700195312498
2007-08-06-00:00	-738.919982910156	5.3290705182007514e-14	738.919982910156
2007-08-06-01:00	-701.210021972656	2.1316282072803006e-14	701.210021972656
2007-08-06-02:00	-692.090026855469	5.684341886080802e-14	692.090026855469
2007-08-06-03:00	-700.460021972656	1.0658141036401503e-13	700.460021972656
2007-08-06-04:00	-760.010009765625	4.263256414560601e-14	760.0100097656248
2007-08-06-05:00	-875.369995117188	1.2789769243681803e-13	875.3699951171877
2007-08-06-06:00	-994.570007324219	4.263256414560601e-14	994.5700073242188
2007-08-06-07:00	-1064.69995117188	2.8066438062523957e-13	1064.69995117188
2007-08-06-08:00	-1128.09997558594	-1.7053025658242404e-13	1128.09997558594
2007-08-06-09:00	-1173.75	-3.552713678800501e-14	1173.7499999999998
2007-08-06-10:00	-1197.43005371094	1.2789769243681803e-13	1197.43005371094
2007-08-06-11:00	-1212.06994628906	1.5987211554602254e-14	1212.06994628906
2007-08-06-12:00	-1218.31005859375	3.552713678800501e-13	1218.31005859375
2007-08-06-13:00	-1219.30004882812	3.197442310920451e-13	1219.3000488281198
2007-08-06-14:00	-1217.0	-1.4210854715202004e-14	1217.0
2007-08-06-15:00	-1210.06005859375	5.684341886080802e-14	1210.06005859375
2007-08-06-16:00	-1195.55004882812	5.684341886080802e-14	1195.55004882812
2007-08-06-17:00	-1179.27001953125	1.1368683772161603e-13	1179.2700195312498
2007-08-06-18:00	-1164.2099609375	5.684341886080802e-14	1164.2099609374998
2007-08-06-19:00	-1199.34997558594	1.4921397450962104e-13	1199.3499755859398
2007-08-06-20:00	-1135.81005859375	2.2382096176443156e-13	1135.8100585937498
2007-08-06-21:00	-1037.81994628906	-3.907985046680551e-14	1037.81994628906
2007-08-06-22:00	-912.700012207031	2.1316282072803006e-14	912.700012207031
2007-08-06-23:00	-811.47998046875	1.5631940186722204e-13	811.4799804687498
2007-08-30-00:00	-775.469970703125	1.5631940186722204e-13	775.469970703125
2007-08-30-01:00	-737.869995117188	1.1368683772161603e-13	737.869995117188
2007-08-30-02:00	-721.289978027344	-1.4033219031261979e-13	721.289978027344
2007-08-30-03:00	-725.679992675781	1.5631940186722204e-13	725.679992675781
2007-08-30-04:00	-779.280029296875	1.5276668818842154e-13	779.2800292968748
2007-08-30-05:00	-907.309997558594	9.947598300641403e-14	907.309997558594
2007-08-30-06:00	-1010.57000732422	8.526512829121202e-14	1010.5700073242199
2007-08-30-07:00	-1072.47998046875	3.730349362740526e-13	1072.4799804687498
2007-08-30-08:00	-1148.06005859375	1.1013412404281553e-13	1148.06005859375
2007-08-30-09:00	-1194.25	4.263256414560601e-14	1194.25
2007-08-30-10:00	-1219.42004394531	1.1368683772161603e-13	1219.4200439453098
2007-08-30-11:00	-1230.30004882812	-1.1368683772161603e-13	1230.3000488281198
2007-08-30-12:00	-1241.4599609375	3.268496584496461e-13	1241.4599609374998
2007-08-30-13:00	-1239.72998046875	1.2789769243681803e-13	1239.7299804687498
2007-08-30-14:00	-1248.90002441406	1.7053025658242404e-13	1248.9000244140598
2007-08-30-15:00	-1241.9599609375	1.8474111129762605e-13	1241.9599609374998
2007-08-30-16:00	-1214.7099609375	-1.1368683772161603e-13	1214.7099609375
2007-08-30-17:00	-1200.39001464844	-1.4033219031261979e-13	1200.39001464844
2007-08-30-18:00	-1208.65002441406	3.268496584496461e-13	1208.6500244140598
2007-08-30-19:00	-1215.91003417969	1.2789769243681803e-13	1215.9100341796898
2007-08-30-20:00	-1148.73999023438	-3.268496584496461e-13	1148.73999023438
2007-08-30-21:00	-1046.91003417969	8.526512829121202e-14	1046.9100341796898
2007-08-30-22:00	-927.150024414062	-4.263256414560601e-14	927.150024414062
2007-08-30-23:00	-828.169982910156	-4.618527782440651e-14	828.1699829101558
2007-09-03-00:00	-747.5	3.552713678800501e-15	747.4999999999998
2007-09-03-01:00	-709.869995117188	1.3500311979441904e-13	709.869995117188
2007-09-03-02:00	-690.760009765625	5.684341886080802e-14	690.760009765625
2007-09-03-03:00	-687.880004882812	1.5987211554602254e-14	687.880004882812
2007-09-03-04:00	-706.239990234375	8.526512829121202e-14	706.239990234375
2007-09-03-05:00	-747.710021972656	1.4210854715202004e-14	747.710021972656
2007-09-03-06:00	-797.97998046875	2.842170943040401e-14	797.97998046875
2007-09-03-07:00	-890.940002441406	-2.842170943040401e-14	890.940002441406
2007-09-03-08:00	-984.469970703125	8.526512829121202e-14	984.4699707031248
2007-09-03-09:00	-1046.86999511719	1.1368683772161603e-13	1046.8699951171898
2007-09-03-10:00	-1079.2900390625	2.2737367544323206e-13	1079.2900390624998
2007-09-03-11:00	-1089.65002441406	3.126388037344441e-13	1089.6500244140598
2007-09-03-12:00	-1086.7900390625	9.947598300641403e-14	1086.7900390624998
2007-09-03-13:00	-1091.81005859375	8.526512829121202e-14	1091.8100585937498
2007-09-03-14:00	-1093.48999023438	9.947598300641403e-14	1093.4899902343798
2007-09-03-15:00	-1102.56994628906	2.007283228522283e-13	1102.5699462890598
2007-09-03-16:00	-1112.97998046875	1.4210854715202004e-14	1112.97998046875
2007-09-03-17:00	-1114.71997070312	1.0125233984581428e-13	1114.71997070312
2007-09-03-18:00	-1143.85998535156	-7.815970093361102e-14	1143.85998535156
2007-09-03-19:00	-1157.05004882812	8.526512829121202e-14	1157.0500488281198
2007-09-03-20:00	-1100.5	2.2026824808563106e-13	1100.4999999999998
2007-09-03-21:00	-1012.67999267578	2.2737367544323206e-13	1012.6799926757799
2007-09-03-22:00	-901.570007324219	5.3290705182007514e-14	901.570007324219
2007-09-03-23:00	-803.989990234375	2.4868995751603507e-14	803.989990234375
2007-09-07-00:00	-755.650024414062	2.1316282072803006e-13	755.650024414062
2007-09-07-01:00	-718.75	5.684341886080802e-14	718.75
2007-09-07-02:00	-700.830017089844	-2.6645352591003757e-14	700.830017089844
2007-09-07-03:00	-704.659973144531	5.684341886080802e-14	704.6599731445308
2007-09-07-04:00	-758.929992675781	5.684341886080802e-14	758.929992675781
2007-09-07-05:00	-877.419982910156	5.684341886080802e-14	877.419982910156
2007-09-07-06:00	-983.039978027344	7.815970093361102e-14	983.0399780273438
2007-09-07-07:00	-1059.69995117188	1.8474111129762605e-13	1059.6999511718798
2007-09-07-08:00	-1130.35998535156	-4.796163466380676e-14	1130.35998535156
2007-09-07-09:00	-1178.30004882812	1.1368683772161603e-13	1178.3000488281198
2007-09-07-10:00	-1207.14001464844	1.5631940186722204e-13	1207.1400146484398
2007-09-07-11:00	-1222.82995605469	0.0	1222.8299560546898
2007-09-07-12:00	-1233.56005859375	-1.7763568394002505e-14	1233.5600585937498
2007-09-07-13:00	-1237.76000976562	1.7053025658242404e-13	1237.7600097656198
2007-09-07-14:00	-1246.47998046875	1.1368683772161603e-13	1246.4799804687498
2007-09-07-15:00	-1240.93994140625	3.126388037344441e-13	1240.9399414062498
2007-09-07-16:00	-1214.90002441406	1.7053025658242404e-13	1214.90002441406
2007-09-07-17:00	-1184.18994140625	-5.5067062021407764e-14	1184.18994140625
2007-09-07-18:00	-1201.53002929688	5.684341886080802e-14	1201.53002929688
2007-09-07-19:00	-1169.76000976562	5.684341886080802e-14	1169.76000976562
2007-09-07-20:00	-1115.44995117188	9.947598300641403e-14	1115.4499511718798
2007-09-07-21:00	-1040.61999511719	1.3855583347321954e-13	1040.61999511719
2007-09-07-22:00	-946.909973144531	-5.684341886080802e-14	946.909973144531
2007-09-07-23:00	-853.489990234375	9.237055564881302e-14	853.489990234375
2007-10-13-00:00	-753.590026855469	-3.552713678800501e-14	753.5900268554688
2007-10-13-01:00	-719.119995117188	7.283063041541027e-14	719.119995117188
2007-10-13-02:00	-699.27001953125	-9.237055564881302e-14	699.27001953125
2007-10-13-03:00	-694.489990234375	0.0	694.4899902343748
2007-10-13-04:00	-716.25	7.105427357601002e-14	716.25
2007-10-13-05:00	-767.97998046875	4.973799150320701e-14	767.9799804687498
2007-10-13-06:00	-840.200012207031	1.4210854715202004e-14	840.200012207031
2007-10-13-07:00	-935.710021972656	9.947598300641403e-14	935.7100219726558
2007-10-13-08:00	-1019.14001464844	1.7053025658242404e-13	1019.1400146484398
2007-10-13-09:00	-1069.68994140625	1.9895196601282805e-13	1069.68994140625
2007-10-13-10:00	-1097.07995605469	2.948752353404416e-13	1097.0799560546898
2007-10-13-11:00	-1094.41003417969	3.019806626980426e-14	1094.41003417969
2007-10-13-12:00	-1090.11999511719	3.979039320256561e-13	1090.1199951171898
2007-10-13-13:00	-1079.10998535156	2.2737367544323206e-13	1079.1099853515598
2007-10-13-14:00	-1069.57995605469	2.2737367544323206e-13	1069.5799560546898
2007-10-13-15:00	-1069.98999023438	1.4210854715202004e-13	1069.98999023438
2007-10-13-16:00	-1067.85998535156	1.1368683772161603e-13	1067.85998535156
2007-10-13-17:00	-1073.18994140625	1.4210854715202004e-13	1073.1899414062498
2007-10-13-18:00	-1127.93994140625	2.2737367544323206e-13	1127.9399414062498
2007-10-13-19:00	-1083.69995117188	2.7000623958883807e-13	1083.6999511718798
2007-10-13-20:00	-1038.94995117188	1.7763568394002505e-15	1038.94995117188
2007-10-13-21:00	-976.219970703125	1.4210854715202004e-14	976.219970703125
2007-10-13-22:00	-898.419982910156	-4.263256414560601e-14	898.419982910156
2007-10-13-23:00	-809.299987792969	1.2789769243681803e-13	809.2999877929688
2007-10-22-00:00	-719.989990234375	3.552713678800501e-14	719.989990234375
2007-10-22-01:00	-691.049987792969	-2.6645352591003757e-14	691.049987792969
2007-10-22-02:00	-673.169982910156	1.5987211554602254e-14	673.169982910156
2007-10-22-03:00	-680.549987792969	-3.552713678800501e-15	680.549987792969
2007-10-22-04:00	-739.780029296875	-2.842170943040401e-14	739.780029296875
2007-10-22-05:00	-857.25	4.263256414560601e-14	857.25
2007-10-22-06:00	-959.330017089844	-1.3500311979441904e-13	959.330017089844
2007-10-22-07:00	-1029.78002929688	1.1368683772161603e-13	1029.7800292968798
2007-10-22-08:00	-1109.23999023438	7.105427357601002e-14	1109.23999023438
2007-10-22-09:00	-1152.82995605469	2.2737367544323206e-13	1152.82995605469
2007-10-22-10:00	-1180.46997070312	-5.684341886080802e-14	1180.4699707031198
2007-10-22-11:00	-1204.47998046875	3.730349362740526e-14	1204.4799804687498
2007-10-22-12:00	-1210.7900390625	1.1368683772161603e-13	1210.7900390624998
2007-10-22-13:00	-1209.61999511719	1.1013412404281553e-13	1209.6199951171898
2007-10-22-14:00	-1212.78002929688	3.0020430585864233e-13	1212.7800292968798
2007-10-22-15:00	-1202.15002441406	2.1316282072803006e-13	1202.1500244140598
2007-10-22-16:00	-1185.30004882812	-1.4210854715202004e-14	1185.3000488281198
2007-10-22-17:00	-1192.22998046875	-2.2737367544323206e-13	1192.22998046875
2007-10-22-18:00	-1234.21997070312	1.2789769243681803e-13	1234.21997070312
2007-10-22-19:00	-1174.18994140625	-5.684341886080802e-14	1174.18994140625
2007-10-22-20:00	-1102.21997070312	-4.973799150320701e-14	1102.21997070312
2007-10-22-21:00	-1001.54998779297	-1.7053025658242404e-13	1001.5499877929701
2007-10-22-22:00	-886.830017089844	-2.842170943040401e-14	886.830017089844
2007-10-22-23:00	-789.130004882812	8.704148513061227e-14	789.130004882812
2007-11-07-00:00	-711.739990234375	9.947598300641403e-14	711.739990234375
2007-11-07-01:00	-685.619995117188	4.440892098500626e-14	685.619995117188
2007-11-07-02:00	-670.369995117188	-5.684341886080802e-14	670.369995117188
2007-11-07-03:00	-679.280029296875	0.0	679.280029296875
2007-11-07-04:00	-737.679992675781	-2.6645352591003757e-14	737.679992675781
2007-11-07-05:00	-865.940002441406	2.842170943040401e-14	865.940002441406
2007-11-07-06:00	-977.690002441406	-4.263256414560601e-14	977.6900024414058
2007-11-07-07:00	-1023.16998291016	1.2612133559741778e-13	1023.1699829101599
2007-11-07-08:00	-1089.93005371094	2.2737367544323206e-13	1089.9300537109398
2007-11-07-09:00	-1137.72998046875	1.1368683772161603e-13	1137.72998046875
2007-11-07-10:00	-1172.57995605469	2.4868995751603507e-14	1172.5799560546898
2007-11-07-11:00	-1187.16003417969	-1.2789769243681803e-13	1187.16003417969
2007-11-07-12:00	-1196.02001953125	9.947598300641403e-14	1196.0200195312498
2007-11-07-13:00	-1206.93005371094	1.5276668818842154e-13	1206.9300537109398
2007-11-07-14:00	-1208.86999511719	2.5579538487363607e-13	1208.8699951171898
2007-11-07-15:00	-1198.98999023438	5.684341886080802e-14	1198.98999023438
2007-11-07-16:00	-1182.57995605469	-2.842170943040401e-14	1182.57995605469
2007-11-07-17:00	-1231.09997558594	3.552713678800501e-13	1231.0999755859398
2007-11-07-18:00	-1241.05004882812	8.526512829121202e-14	1241.05004882812
2007-11-07-19:00	-1187.55004882812	2.3803181647963356e-13	1187.5500488281198
2007-11-07-20:00	-1122.40002441406	3.410605131648481e-13	1122.4000244140598
2007-11-07-21:00	-1032.98999023438	-7.105427357601002e-15	1032.98999023438
2007-11-07-22:00	-909.969970703125	1.4210854715202004e-14	909.969970703125
2007-11-07-23:00	-808.359985351562	1.1368683772161603e-13	808.3599853515618
2007-12-04-00:00	-722.919982910156	2.842170943040401e-14	722.919982910156
2007-12-04-01:00	-687.309997558594	1.4210854715202004e-13	687.309997558594
2007-12-04-02:00	-676.510009765625	-2.6645352591003757e-14	676.510009765625
2007-12-04-03:00	-693.619995117188	3.197442310920451e-14	693.6199951171877
2007-12-04-04:00	-760.900024414062	2.842170943040401e-14	760.9000244140618
2007-12-04-05:00	-895.669982910156	9.947598300641403e-14	895.669982910156
2007-12-04-06:00	-1022.02001953125	-2.842170943040401e-14	1022.02001953125
2007-12-04-07:00	-1059.96997070312	1.7053025658242404e-13	1059.9699707031198
2007-12-04-08:00	-1106.41003417969	-8.526512829121202e-14	1106.41003417969
2007-12-04-09:00	-1149.0	2.7000623958883807e-13	1148.9999999999998
2007-12-04-10:00	-1159.88000488281	-1.1368683772161603e-13	1159.88000488281
2007-12-04-11:00	-1168.2900390625	-9.947598300641403e-14	1168.2900390625
2007-12-04-12:00	-1166.63000488281	1.4210854715202004e-13	1166.6300048828098
2007-12-04-13:00	-1154.9599609375	4.973799150320701e-13	1154.9599609374998
2007-12-04-14:00	-1154.2900390625	-1.1368683772161603e-13	1154.2900390625
2007-12-04-15:00	-1153.75	7.105427357601002e-14	1153.7499999999998
2007-12-04-16:00	-1160.06005859375	5.684341886080802e-14	1160.06005859375
2007-12-04-17:00	-1229.73999023438	1.1368683772161603e-13	1229.73999023438
2007-12-04-18:00	-1241.2900390625	2.4158453015843406e-13	1241.2900390624998
2007-12-04-19:00	-1188.69995117188	-4.263256414560601e-14	1188.69995117188
2007-12-04-20:00	-1118.58996582031	8.526512829121202e-14	1118.58996582031
2007-12-04-21:00	-1032.69995117188	8.526512829121202e-14	1032.6999511718798
2007-12-04-22:00	-912.539978027344	-6.394884621840902e-14	912.539978027344
2007-12-04-23:00	-793.390014648438	1.4210854715202004e-14	793.390014648438
2007-12-14-00:00	-1095.65002441406	1.4921397450962104e-13	1095.65002441406
2007-12-14-01:00	-666.809997558594	5.684341886080802e-14	666.809997558594
2007-12-14-02:00	-665.760009765625	-2.6645352591003757e-14	665.760009765625
2007-12-14-03:00	-665.760009765625	-7.105427357601002e-14	665.760009765625
2007-12-14-04:00	-665.760009765625	-3.552713678800501e-14	665.760009765625
2007-12-14-05:00	-665.760009765625	2.842170943040401e-14	665.760009765625
2007-12-14-06:00	-665.760009765625	-2.1316282072803006e-14	665.760009765625
2007-12-14-07:00	-998.5	0.0	998.5
2007-12-14-08:00	-1047.19995117188	-7.105427357601002e-14	1047.19995117188
2007-12-14-09:00	-1071.21997070312	2.8421709430404007e-13	1071.2199707031198
2007-12-14-10:00	-1083.56994628906	0.0	1083.56994628906
2007-12-14-11:00	-1087.64001464844	-1.7053025658242404e-13	1087.64001464844
2007-12-14-12:00	-1088.98999023438	1.4566126083082054e-13	1088.9899902343798
2007-12-14-13:00	-1080.72998046875	1.1368683772161603e-13	1080.72998046875
2007-12-14-14:00	-1078.2099609375	1.2789769243681803e-13	1078.2099609374998
2007-12-14-15:00	-1063.30004882812	-1.4210854715202004e-13	1063.30004882812
2007-12-14-16:00	-1062.18994140625	1.3145040611561853e-13	1062.18994140625
2007-12-14-17:00	-1093.7900390625	9.592326932761353e-14	1093.7900390625
2007-12-14-18:00	-1112.96997070312	-1.4210854715202004e-13	1112.96997070312
2007-12-14-19:00	-1060.78002929688	-7.105427357601002e-15	1060.78002929688
2007-12-14-20:00	-1026.84997558594	-3.197442310920451e-14	1026.84997558594
2007-12-14-21:00	-967.659973144531	6.927791673660977e-14	967.6599731445308
2007-12-14-22:00	-877.75	0.0	877.75
2007-12-14-23:00	-785.640014648438	2.842170943040401e-14	785.640014648438
2007-01-22-00:00	-670.817013080829	7.105427357601002e-14	670.817013080829
2007-01-22-01:00	-639.374491801094	-7.105427357601002e-15	639.374491801094
2007-01-22-02:00	-623.119537799738	-6.217248937900877e-14	623.119537799738
2007-01-22-03:00	-631.679044897032	-1.4210854715202004e-14	631.679044897032
2007-01-22-04:00	-692.988415432437	-7.105427357601002e-15	692.988415432437
2007-01-22-05:00	-824.034566505081	0.0	824.0345665050809
2007-01-22-06:00	-946.073854887066	-8.526512829121202e-14	946.0738548870659
2007-01-22-07:00	-968.407881234543	-7.105427357601002e-14	968.4078812345429
2007-01-22-08:00	-1020.12082280354	1.4210854715202004e-14	1020.12082280354
2007-01-22-09:00	-1046.99895200695	5.684341886080802e-14	1046.9989520069498
2007-01-22-10:00	-1067.42182065861	0.0	1067.42182065861
2007-01-22-11:00	-1068.99755472922	2.0605739337042905e-13	1068.9975547292197
2007-01-22-12:00	-1076.66253677942	1.1368683772161603e-13	1076.66253677942
2007-01-22-13:00	-1073.85679198997	-2.842170943040401e-14	1073.8567919899697
2007-01-22-14:00	-1070.70544794184	-1.4210854715202004e-14	1070.70544794184
2007-01-22-15:00	-1068.3672859196	4.263256414560601e-14	1068.3672859196
2007-01-22-16:00	-1058.84202434092	8.526512829121202e-14	1058.8420243409198
2007-01-22-17:00	-1078.32972745816	-1.4210854715202004e-14	1078.32972745816
2007-01-22-18:00	-1142.11953274474	1.2789769243681803e-13	1142.11953274474
2007-01-22-19:00	-1088.7088735966	-4.263256414560601e-14	1088.7088735966
2007-01-22-20:00	-1023.60771456997	-9.947598300641403e-14	1023.6077145699701
2007-01-22-21:00	-928.659995508058	-1.1368683772161603e-13	928.659995508058
2007-01-22-22:00	-818.09776688789	5.684341886080802e-14	818.0977668878897
2007-01-22-23:00	-720.120687286391	8.526512829121202e-14	720.1206872863909
2007-02-06-00:00	-688.251223726775	0.0	688.2512237267749
2007-02-06-01:00	-658.882484138723	-2.842170943040401e-14	658.8824841387229
2007-02-06-02:00	-647.537583518913	-7.105427357601002e-15	647.537583518913
2007-02-06-03:00	-659.41112070675	5.684341886080802e-14	659.4111207067499
2007-02-06-04:00	-727.084233139228	1.1191048088221578e-13	727.084233139228
2007-02-06-05:00	-855.73123043536	7.815970093361102e-14	855.73123043536
2007-02-06-06:00	-979.864651775967	9.947598300641403e-14	979.8646517759669
2007-02-06-07:00	-991.016463546048	1.4210854715202004e-13	991.016463546048
2007-02-06-08:00	-1038.48008539699	1.1368683772161603e-13	1038.4800853969898
2007-02-06-09:00	-1067.03564295915	-9.947598300641403e-14	1067.03564295915
2007-02-06-10:00	-1096.78038461319	-1.4921397450962104e-13	1096.78038461319
2007-02-06-11:00	-1094.06622052496	4.263256414560601e-14	1094.0662205249598
2007-02-06-12:00	-1102.35129575132	2.2737367544323206e-13	1102.3512957513199
2007-02-06-13:00	-1107.36291932792	-1.4210854715202004e-13	1107.36291932792
2007-02-06-14:00	-1111.48007990397	7.105427357601002e-14	1111.48007990397
2007-02-06-15:00	-1099.03726566077	1.8474111129762605e-13	1099.0372656607697
2007-02-06-16:00	-1106.37687562615	-2.842170943040401e-14	1106.37687562615
2007-02-06-17:00	-1118.21994796012	1.1368683772161603e-13	1118.21994796012
2007-02-06-18:00	-1179.52925644898	1.5987211554602254e-14	1179.52925644898
2007-02-06-19:00	-1145.23017425899	-5.5067062021407764e-14	1145.23017425899
2007-02-06-20:00	-1085.0085417135	1.7053025658242404e-13	1085.0085417135
2007-02-06-21:00	-996.627891078411	1.5631940186722204e-13	996.6278910784108
2007-02-06-22:00	-877.658665769894	-1.1191048088221578e-13	877.658665769894
2007-02-06-23:00	-776.743682236934	9.947598300641403e-14	776.7436822369339
2007-03-30-00:00	-706.203833260732	1.438849039914203e-13	706.2038332607319
2007-03-30-01:00	-666.679563284385	4.440892098500626e-14	666.679563284385
2007-03-30-02:00	-646.998771317418	4.263256414560601e-14	646.998771317418
2007-03-30-03:00	-642.180236590548	0.0	642.180236590548
2007-03-30-04:00	-656.767999913163	7.105427357601002e-14	656.7679999131628
2007-03-30-05:00	-689.481234445619	4.263256414560601e-14	689.4812344456188
2007-03-30-06:00	-738.998410814395	1.1368683772161603e-13	738.9984108143949
2007-03-30-07:00	-824.461508784963	6.572520305780927e-14	824.4615087849629
2007-03-30-08:00	-905.248344757591	3.019806626980426e-14	905.248344757591
2007-03-30-09:00	-955.91425087055	1.7053025658242404e-13	955.9142508705497
2007-03-30-10:00	-981.745282571376	2.8421709430404007e-13	981.7452825713758
2007-03-30-11:00	-987.478755658822	0.0	987.4787556588219
2007-03-30-12:00	-992.459976428106	3.907985046680551e-14	992.4599764281058
2007-03-30-13:00	-988.017567860318	1.4210854715202004e-13	988.0175678603177
2007-03-30-14:00	-987.305956029485	0.0	987.3059560294851
2007-03-30-15:00	-993.181701845862	1.2789769243681803e-13	993.1817018458619
2007-03-30-16:00	-1011.27670820184	1.6697754290362354e-13	1011.2767082018399
2007-03-30-17:00	-1023.77033856583	1.1368683772161603e-13	1023.7703385658299
2007-03-30-18:00	-1077.22157615476	1.2789769243681803e-13	1077.2215761547598
2007-03-30-19:00	-1071.5593325016	1.4210854715202004e-13	1071.5593325016
2007-03-30-20:00	-1013.48264903553	-2.842170943040401e-14	1013.4826490355299
2007-03-30-21:00	-938.08362484513	5.3290705182007514e-14	938.0836248451301
2007-03-30-22:00	-829.381737799977	-8.526512829121202e-14	829.3817377999769
2007-03-30-23:00	-739.089929469071	1.1368683772161603e-13	739.089929469071
2007-06-15-00:00	-731.648625215553	5.3290705182007514e-14	731.648625215553
2007-06-15-01:00	-694.208312564358	0.0	694.208312564358
2007-06-15-02:00	-668.682239634876	-7.105427357601002e-15	668.682239634876
2007-06-15-03:00	-661.12912750629	-7.105427357601002e-15	661.12912750629
2007-06-15-04:00	-676.01167396678	5.684341886080802e-14	676.0116739667799
2007-06-15-05:00	-699.362332962979	0.0	699.362332962979
2007-06-15-06:00	-758.618211027093	2.842170943040401e-14	758.6182110270929
2007-06-15-07:00	-853.332138705395	6.394884621840902e-14	853.332138705395
2007-06-15-08:00	-928.924313792072	0.0	928.9243137920721
2007-06-15-09:00	-982.680572198891	1.438849039914203e-13	982.6805721988908
2007-06-15-10:00	-1007.52556019795	3.836930773104541e-13	1007.5255601979497
2007-06-15-11:00	-1016.46119345432	7.105427357601002e-15	1016.46119345432
2007-06-15-12:00	-1014.38741176264	-1.9895196601282805e-13	1014.3874117626401
2007-06-15-13:00	-1018.96197947243	-2.1316282072803006e-14	1018.9619794724299
2007-06-15-14:00	-1026.9420338809	1.2079226507921703e-13	1026.9420338809
2007-06-15-15:00	-1034.80010478083	3.019806626980426e-14	1034.8001047808298
2007-06-15-16:00	-1037.41269867401	1.4210854715202004e-13	1037.41269867401
2007-06-15-17:00	-1025.16303532709	8.526512829121202e-14	1025.16303532709
2007-06-15-18:00	-1033.10244924823	-1.0480505352461478e-13	1033.10244924823
2007-06-15-19:00	-1049.83522369681	3.019806626980426e-14	1049.8352236968099
2007-06-15-20:00	-1023.19088587701	4.263256414560601e-14	1023.19088587701
2007-06-15-21:00	-971.132283002791	-2.842170943040401e-14	971.1322830027909
2007-06-15-22:00	-867.838559006803	1.1368683772161603e-13	867.838559006803
2007-06-15-23:00	-778.431162136067	4.263256414560601e-14	778.4311621360669
2007-07-02-00:00	-772.280922402208	2.842170943040401e-14	772.280922402208
2007-07-02-01:00	-735.603099749191	-1.4210854715202004e-14	735.603099749191
2007-07-02-02:00	-712.770901687549	7.105427357601002e-14	712.770901687549
2007-07-02-03:00	-715.048009908977	-5.684341886080802e-14	715.0480099089768
2007-07-02-04:00	-773.480468267191	5.3290705182007514e-14	773.4804682671909
2007-07-02-05:00	-857.5000533557	0.0	857.5000533557
2007-07-02-06:00	-978.959889048859	1.2789769243681803e-13	978.9598890488589
2007-07-02-07:00	-1057.27646590378	1.7763568394002505e-15	1057.27646590378
2007-07-02-08:00	-1133.90556285958	1.5631940186722204e-13	1133.9055628595797
2007-07-02-09:00	-1176.43896620167	-6.039613253960852e-14	1176.4389662016697
2007-07-02-10:00	-1207.62728278431	1.1368683772161603e-13	1207.62728278431
2007-07-02-11:00	-1224.42104898716	2.2737367544323206e-13	1224.4210489871598
2007-07-02-12:00	-1224.4414002541	-2.6645352591003757e-14	1224.4414002540998
2007-07-02-13:00	-1232.27911988709	8.526512829121202e-14	1232.2791198870898
2007-07-02-14:00	-1228.75164967988	1.7053025658242404e-13	1228.7516496798798
2007-07-02-15:00	-1227.53169050142	5.684341886080802e-14	1227.5316905014197
2007-07-02-16:00	-1203.68298388414	-8.526512829121202e-14	1203.68298388414
2007-07-02-17:00	-1179.67159122446	-4.263256414560601e-14	1179.67159122446
2007-07-02-18:00	-1154.70468176341	8.526512829121202e-14	1154.70468176341
2007-07-02-19:00	-1184.65281199374	1.2434497875801753e-14	1184.65281199374
2007-07-02-20:00	-1136.94509903264	-2.7000623958883807e-13	1136.9450990326402
2007-07-02-21:00	-1050.32315773096	1.2079226507921703e-13	1050.3231577309598
2007-07-02-22:00	-939.35433809785	-1.2434497875801753e-14	939.3543380978499
2007-07-02-23:00	-838.378362810621	-8.526512829121202e-14	838.378362810621
2007-11-29-00:00	-695.580658058678	9.947598300641403e-14	695.580658058678
2007-11-29-01:00	-658.435190591904	-3.552713678800501e-15	658.435190591904
2007-11-29-02:00	-636.090988610958	-7.105427357601002e-15	636.090988610958
2007-11-29-03:00	-632.360129827457	5.684341886080802e-14	632.360129827457
2007-11-29-04:00	-653.616655865034	-2.842170943040401e-14	653.616655865034
2007-11-29-05:00	-701.080339762519	1.4210854715202004e-14	701.0803397625189
2007-11-29-06:00	-760.132891296889	1.1368683772161603e-13	760.1328912968888
2007-11-29-07:00	-843.69500720511	-6.394884621840902e-14	843.6950072051097
2007-11-29-08:00	-923.190840704625	8.881784197001252e-14	923.1908407046249
2007-11-29-09:00	-960.478642946875	-2.1316282072803006e-14	960.478642946875
2007-11-29-10:00	-973.775403796377	1.9895196601282805e-13	973.7754037963768
2007-11-29-11:00	-988.098848834979	1.1368683772161603e-13	988.0988488349788
2007-11-29-12:00	-975.361251453911	8.526512829121202e-14	975.3612514539109
2007-11-29-13:00	-953.881109666197	1.2789769243681803e-13	953.8811096661968
2007-11-29-14:00	-942.129555986898	-1.1368683772161603e-13	942.1295559868979
2007-11-29-15:00	-947.344568139787	8.526512829121202e-14	947.344568139787
2007-11-29-16:00	-962.034025750547	-4.085620730620576e-14	962.034025750547
2007-11-29-17:00	-1012.27292753708	2.2737367544323206e-13	1012.2729275370798
2007-11-29-18:00	-1008.76574655026	1.1368683772161603e-13	1008.7657465502598
2007-11-29-19:00	-973.20612674102	8.704148513061227e-14	973.20612674102
2007-11-29-20:00	-926.149033856479	8.171241461241152e-14	926.1490338564788
2007-11-29-21:00	-879.813790482784	4.263256414560601e-14	879.813790482784
2007-11-29-22:00	-804.973867714271	0.0	804.9738677142709
2007-11-29-23:00	-725.711825598362	5.5067062021407764e-14	725.7118255983619
2008-01-28-00:00	-684.520516943977	-1.0658141036401503e-14	684.520516943977
2008-01-28-01:00	-644.80851261697	-5.684341886080802e-14	644.8085126169701
2008-01-28-02:00	-624.239382347256	-5.684341886080802e-14	624.239382347256
2008-01-28-03:00	-616.930502216477	1.4210854715202004e-14	616.930502216477
2008-01-28-04:00	-631.390896974655	2.842170943040401e-14	631.390896974655
2008-01-28-05:00	-668.48616695075	1.1368683772161603e-13	668.48616695075
2008-01-28-06:00	-717.317024878527	-4.085620730620576e-14	717.317024878527
2008-01-28-07:00	-783.736434791311	5.684341886080802e-14	783.736434791311
2008-01-28-08:00	-873.872825403657	6.394884621840902e-14	873.8728254036569
2008-01-28-09:00	-931.458572917903	2.4868995751603507e-14	931.458572917903
2008-01-28-10:00	-956.87739459162	0.0	956.87739459162
2008-01-28-11:00	-967.058660471016	1.0658141036401503e-13	967.0586604710159
2008-01-28-12:00	-964.44204620061	2.842170943040401e-14	964.4420462006099
2008-01-28-13:00	-964.304313859995	1.2079226507921703e-13	964.3043138599949
2008-01-28-14:00	-959.169371213508	2.4158453015843406e-13	959.1693712135079
2008-01-28-15:00	-969.370330295922	5.684341886080802e-14	969.3703302959218
2008-01-28-16:00	-984.165209304127	8.704148513061227e-14	984.1652093041268
2008-01-28-17:00	-1028.00864348729	-4.263256414560601e-14	1028.00864348729
2008-01-28-18:00	-1074.35071284351	4.263256414560601e-13	1074.3507128435099
2008-01-28-19:00	-1024.86085309769	1.8118839761882555e-13	1024.8608530976899
2008-01-28-20:00	-961.343368738053	-8.171241461241152e-14	961.343368738053
2008-01-28-21:00	-884.181977022159	1.5631940186722204e-13	884.1819770221589
2008-01-28-22:00	-779.004842565158	-5.684341886080802e-14	779.004842565158
2008-01-28-23:00	-689.222569365604	5.684341886080802e-14	689.2225693656039
2008-01-30-00:00	-665.93841885065	2.1316282072803006e-14	665.9384188506499
2008-01-30-01:00	-628.193873577518	2.1316282072803006e-14	628.193873577518
2008-01-30-02:00	-617.009214988293	3.019806626980426e-14	617.009214988293
2008-01-30-03:00	-645.506960881297	-8.526512829121202e-14	645.5069608812969
2008-01-30-04:00	-707.352144071307	1.4210854715202004e-14	707.3521440713068
2008-01-30-05:00	-829.222690379828	1.1368683772161603e-13	829.222690379828
2008-01-30-06:00	-957.113472866814	1.652011860642233e-13	957.1134728668139
2008-01-30-07:00	-981.705960537098	-1.1368683772161603e-13	981.705960537098
2008-01-30-08:00	-1029.1103821317	1.2789769243681803e-13	1029.1103821317
2008-01-30-09:00	-1054.8144550479	7.105427357601002e-14	1054.8144550479
2008-01-30-10:00	-1062.25128095803	1.7053025658242404e-13	1062.2512809580298
2008-01-30-11:00	-1076.75100208199	-1.687538997430238e-13	1076.75100208199
2008-01-30-12:00	-1084.11890178157	-9.947598300641403e-14	1084.11890178157
2008-01-30-13:00	-1072.54073937352	5.684341886080802e-14	1072.5407393735197
2008-01-30-14:00	-1073.20970787357	-1.1368683772161603e-13	1073.20970787357
2008-01-30-15:00	-1067.16977849209	5.684341886080802e-14	1067.16977849209
2008-01-30-16:00	-1069.46175511398	4.973799150320701e-14	1069.46175511398
2008-01-30-17:00	-1096.98564810168	-1.5631940186722204e-13	1096.98564810168
2008-01-30-18:00	-1163.95598737692	1.2789769243681803e-13	1163.9559873769197
2008-01-30-19:00	-1102.29764945456	2.0250467969162855e-13	1102.2976494545599
2008-01-30-20:00	-1022.82452787351	1.9895196601282805e-13	1022.8245278735099
2008-01-30-21:00	-929.983023657686	1.6697754290362354e-13	929.9830236576859
2008-01-30-22:00	-816.464076555553	-2.842170943040401e-14	816.464076555553
2008-01-30-23:00	-722.727372165989	3.552713678800501e-14	722.727372165989
2008-02-20-00:00	-644.61182074781	-5.684341886080802e-14	644.61182074781
2008-02-20-01:00	-613.871211159955	-2.842170943040401e-14	613.871211159955
2008-02-20-02:00	-604.801470486222	-2.842170943040401e-14	604.8014704862219
2008-02-20-03:00	-612.513701037335	-2.1316282072803006e-14	612.513701037335
2008-02-20-04:00	-675.421296505972	-8.526512829121202e-14	675.4212965059721
2008-02-20-05:00	-801.511892084223	8.526512829121202e-14	801.5118920842228
2008-02-20-06:00	-922.634817161127	5.684341886080802e-14	922.6348171611269
2008-02-20-07:00	-944.738516259856	1.1546319456101628e-13	944.7385162598559
2008-02-20-08:00	-988.001601356539	-1.4210854715202004e-14	988.0016013565389
2008-02-20-09:00	-1017.1092961808	-1.4210854715202004e-14	1017.1092961807999
2008-02-20-10:00	-1031.42217203711	-9.947598300641403e-14	1031.42217203711
2008-02-20-11:00	-1039.48845996076	-4.263256414560601e-14	1039.48845996076
2008-02-20-12:00	-1032.33694533336	1.1368683772161603e-13	1032.3369453333598
2008-02-20-13:00	-1030.94989540621	-7.105427357601002e-14	1030.94989540621
2008-02-20-14:00	-1026.45444149551	7.105427357601002e-14	1026.4544414955099
2008-02-20-15:00	-1021.38836501933	1.5631940186722204e-13	1021.3883650193297
2008-02-20-16:00	-1016.70594576046	2.1316282072803006e-13	1016.7059457604598
2008-02-20-17:00	-1022.86391427954	1.0658141036401503e-14	1022.86391427954
2008-02-20-18:00	-1096.67091709492	5.684341886080802e-14	1096.6709170949198
2008-02-20-19:00	-1051.03708256428	-9.947598300641403e-14	1051.03708256428
2008-02-20-20:00	-984.686538821805	9.237055564881302e-14	984.686538821805
2008-02-20-21:00	-906.452948266029	1.7053025658242404e-13	906.4529482660289
2008-02-20-22:00	-794.242338319226	9.947598300641403e-14	794.2423383192258
2008-02-20-23:00	-694.888688131278	5.684341886080802e-14	694.8886881312778
2008-03-12-00:00	-686.743627395559	7.105427357601002e-15	686.7436273955589
2008-03-12-01:00	-655.766939532509	5.684341886080802e-14	655.766939532509
2008-03-12-02:00	-642.250917915361	2.1316282072803006e-14	642.250917915361
2008-03-12-03:00	-653.022439522996	1.4210854715202004e-14	653.022439522996
2008-03-12-04:00	-715.487358205518	0.0	715.4873582055179
2008-03-12-05:00	-839.512208835566	5.684341886080802e-14	839.5122088355658
2008-03-12-06:00	-964.451832761865	9.947598300641403e-14	964.4518327618648
2008-03-12-07:00	-1006.24921519984	-4.440892098500626e-14	1006.2492151998399
2008-03-12-08:00	-1061.42500699485	-3.552713678800501e-14	1061.42500699485
2008-03-12-09:00	-1096.06102820392	-1.438849039914203e-13	1096.06102820392
2008-03-12-10:00	-1113.33472910166	1.5631940186722204e-13	1113.33472910166
2008-03-12-11:00	-1119.60089015683	1.8474111129762605e-13	1119.60089015683
2008-03-12-12:00	-1130.8347817536	1.1368683772161603e-13	1130.8347817535998
2008-03-12-13:00	-1125.15881638642	3.126388037344441e-13	1125.1588163864199
2008-03-12-14:00	-1121.22401835917	1.9895196601282805e-13	1121.2240183591698
2008-03-12-15:00	-1106.38002642393	2.717825964282383e-13	1106.3800264239298
2008-03-12-16:00	-1095.81510332722	2.149391775674303e-13	1095.8151033272197
2008-03-12-17:00	-1115.54805299199	0.0	1115.54805299199
2008-03-12-18:00	-1152.76148218619	1.1013412404281553e-13	1152.7614821861898
2008-03-12-19:00	-1125.68020594435	1.5631940186722204e-13	1125.6802059443498
2008-03-12-20:00	-1059.792032191	2.8421709430404007e-13	1059.7920321909999
2008-03-12-21:00	-969.222811394052	5.684341886080802e-14	969.2228113940519
2008-03-12-22:00	-847.863808041954	-1.4033219031261979e-13	847.8638080419539
2008-03-12-23:00	-749.847974773609	6.750155989720952e-14	749.8479747736089
2008-04-09-00:00	-652.619089102662	-3.552713678800501e-14	652.619089102662
2008-04-09-01:00	-623.354028775024	-1.2434497875801753e-13	623.354028775024
2008-04-09-02:00	-612.356275493703	1.4210854715202004e-14	612.356275493703
2008-04-09-03:00	-622.370329268213	-5.684341886080802e-14	622.370329268213
2008-04-09-04:00	-680.339794040029	3.552713678800501e-15	680.339794040029
2008-04-09-05:00	-801.856162895505	1.1368683772161603e-13	801.8561628955049
2008-04-09-06:00	-917.913011496229	9.947598300641403e-14	917.913011496229
2008-04-09-07:00	-978.499090538453	-1.4210854715202004e-14	978.4990905384527
2008-04-09-08:00	-1029.37600021142	2.2737367544323206e-13	1029.3760002114198
2008-04-09-09:00	-1061.37577398731	0.0	1061.37577398731
2008-04-09-10:00	-1089.43090313445	2.842170943040401e-14	1089.43090313445
2008-04-09-11:00	-1099.21866519502	2.2737367544323206e-13	1099.2186651950199
2008-04-09-12:00	-1110.36405745872	-1.5631940186722204e-13	1110.36405745872
2008-04-09-13:00	-1110.40332378425	1.0658141036401503e-13	1110.4033237842498
2008-04-09-14:00	-1107.6784569375	3.126388037344441e-13	1107.6784569374997
2008-04-09-15:00	-1100.38933004999	1.1368683772161603e-13	1100.38933004999
2008-04-09-16:00	-1085.78129630944	1.1013412404281553e-13	1085.7812963094398
2008-04-09-17:00	-1076.33780506015	9.237055564881302e-14	1076.3378050601498
2008-04-09-18:00	-1118.14503409963	0.0	1118.14503409963
2008-04-09-19:00	-1118.35169265081	4.618527782440651e-13	1118.3516926508098
2008-04-09-20:00	-1054.0865270193	0.0	1054.0865270193
2008-04-09-21:00	-952.22445509703	1.5631940186722204e-13	952.2244550970299
2008-04-09-22:00	-826.615862670677	7.105427357601002e-14	826.6158626706767
2008-04-09-23:00	-731.511801556984	8.526512829121202e-14	731.511801556984
2008-04-22-00:00	-680.880816760725	0.0	680.8808167607249
2008-04-22-01:00	-641.385257546147	-3.552713678800501e-14	641.3852575461469
2008-04-22-02:00	-618.612649987616	0.0	618.612649987616
2008-04-22-03:00	-610.752840494381	2.6645352591003757e-14	610.752840494381
2008-04-22-04:00	-625.095196114961	2.842170943040401e-14	625.095196114961
2008-04-22-05:00	-656.986717314515	5.684341886080802e-14	656.9867173145149
2008-04-22-06:00	-710.99184425456	-2.842170943040401e-14	710.99184425456
2008-04-22-07:00	-798.60011992957	2.842170943040401e-14	798.6001199295699
2008-04-22-08:00	-883.099931580768	1.4210854715202004e-14	883.099931580768
2008-04-22-09:00	-928.064797611353	8.526512829121202e-14	928.0647976113528
2008-04-22-10:00	-948.329043475819	0.0	948.3290434758189
2008-04-22-11:00	-958.687368061611	4.263256414560601e-14	958.6873680616109
2008-04-22-12:00	-958.972679344348	8.526512829121202e-14	958.9726793443479
2008-04-22-13:00	-959.346429919904	-5.684341886080802e-14	959.3464299199038
2008-04-22-14:00	-966.714389659734	4.263256414560601e-14	966.7143896597338
2008-04-22-15:00	-977.180906781614	-4.263256414560601e-14	977.1809067816139
2008-04-22-16:00	-984.440613945102	-1.5987211554602254e-13	984.4406139451021
2008-04-22-17:00	-991.316663891273	2.1316282072803006e-13	991.3166638912728
2008-04-22-18:00	-1028.55957284974	2.4158453015843406e-13	1028.5595728497399
2008-04-22-19:00	-1034.09780587631	1.2789769243681803e-13	1034.0978058763098
2008-04-22-20:00	-977.21044658614	-3.552713678800501e-14	977.21044658614
2008-04-22-21:00	-897.816037776904	5.684341886080802e-14	897.8160377769038
2008-04-22-22:00	-794.566975967745	1.9184653865522705e-13	794.5669759677448
2008-04-22-23:00	-696.875780347918	-8.526512829121202e-14	696.875780347918
2008-05-23-00:00	-699.639973560448	1.7763568394002505e-15	699.6399735604477
2008-05-23-01:00	-665.830226314562	4.263256414560601e-14	665.830226314562
2008-05-23-02:00	-651.999353610151	5.684341886080802e-14	651.999353610151
2008-05-23-03:00	-659.278753976656	8.526512829121202e-14	659.2787539766559
2008-05-23-04:00	-712.34935437718	3.552713678800501e-14	712.3493543771799
2008-05-23-05:00	-830.944164516748	-2.1316282072803006e-14	830.9441645167478
2008-05-23-06:00	-941.639838797299	1.6342482922482304e-13	941.639838797299
2008-05-23-07:00	-995.025230244833	7.105427357601002e-14	995.0252302448328
2008-05-23-08:00	-1051.15512170188	4.263256414560601e-14	1051.15512170188
2008-05-23-09:00	-1086.47980461402	1.1368683772161603e-13	1086.4798046140197
2008-05-23-10:00	-1104.41262741031	2.2737367544323206e-13	1104.41262741031
2008-05-23-11:00	-1110.27543804514	1.8474111129762605e-13	1110.2754380451397
2008-05-23-12:00	-1115.34151452132	3.055333763768431e-13	1115.3415145213198
2008-05-23-13:00	-1122.90622617056	2.2737367544323206e-13	1122.90622617056
2008-05-23-14:00	-1128.8969225445	2.5224267119483557e-13	1128.8969225444998
2008-05-23-15:00	-1129.71334990617	1.7053025658242404e-13	1129.71334990617
2008-05-23-16:00	-1117.26952712891	-5.684341886080802e-14	1117.26952712891
2008-05-23-17:00	-1095.29371376929	2.2026824808563106e-13	1095.2937137692898
2008-05-23-18:00	-1089.489862663	-5.684341886080802e-14	1089.489862663
2008-05-23-19:00	-1111.59368184223	-2.6645352591003757e-14	1111.59368184223
2008-05-23-20:00	-1049.58122650708	5.5067062021407764e-14	1049.58122650708
2008-05-23-21:00	-971.987004606582	5.684341886080802e-14	971.9870046065819
2008-05-23-22:00	-860.120665471062	-7.105427357601002e-14	860.120665471062
2008-05-23-23:00	-758.475038661226	7.105427357601002e-14	758.4750386612259
2008-05-30-00:00	-699.679299926229	5.684341886080802e-14	699.6792999262289
2008-05-30-01:00	-666.25320989766	1.4210854715202004e-13	666.2532098976599
2008-05-30-02:00	-650.50417118717	5.684341886080802e-14	650.50417118717
2008-05-30-03:00	-657.311354963033	1.2789769243681803e-13	657.311354963033
2008-05-30-04:00	-711.424674439167	4.263256414560601e-14	711.4246744391669
2008-05-30-05:00	-821.23505518774	1.2789769243681803e-13	821.2350551877398
2008-05-30-06:00	-938.77729965019	2.7000623958883807e-13	938.7772996501899
2008-05-30-07:00	-1013.98107891372	1.971756091734278e-13	1013.98107891372
2008-05-30-08:00	-1074.4590254601	3.446132268436486e-13	1074.4590254600998
2008-05-30-09:00	-1109.94101383537	4.440892098500626e-14	1109.94101383537
2008-05-30-10:00	-1135.69431975911	-8.526512829121202e-14	1135.69431975911
2008-05-30-11:00	-1146.54443405806	2.842170943040401e-14	1146.54443405806
2008-05-30-12:00	-1144.34095676924	1.8474111129762605e-13	1144.3409567692397
2008-05-30-13:00	-1152.47617090345	2.4158453015843406e-13	1152.4761709034499
2008-05-30-14:00	-1163.46413762352	0.0	1163.46413762352
2008-05-30-15:00	-1161.41796579782	1.8474111129762605e-13	1161.41796579782
2008-05-30-16:00	-1145.75754650091	0.0	1145.75754650091
2008-05-30-17:00	-1125.6113998143	2.842170943040401e-14	1125.6113998143
2008-05-30-18:00	-1108.18999989392	-2.842170943040401e-14	1108.18999989392
2008-05-30-19:00	-1136.38286138168	-1.4210854715202004e-14	1136.38286138168
2008-05-30-20:00	-1085.58460444028	0.0	1085.58460444028
2008-05-30-21:00	-994.68095943355	9.947598300641403e-14	994.6809594335498
2008-05-30-22:00	-877.050155597776	3.019806626980426e-14	877.050155597776
2008-05-30-23:00	-775.404468747687	1.4921397450962104e-13	775.4044687476869
2008-06-05-00:00	-710.647573443277	1.5631940186722204e-13	710.647573443277
2008-06-05-01:00	-675.913146259378	5.861977570020827e-14	675.913146259378
2008-06-05-02:00	-680.870970159216	4.263256414560601e-14	680.8709701592159
2008-06-05-03:00	-691.79985727023	5.684341886080802e-14	691.79985727023
2008-06-05-04:00	-746.936202618956	0.0	746.936202618956
2008-06-05-05:00	-856.490811889318	5.684341886080802e-14	856.4908118893179
2008-06-05-06:00	-979.207325364035	2.1316282072803006e-14	979.2073253640349
2008-06-05-07:00	-1054.67672270728	-2.842170943040401e-14	1054.67672270728
2008-06-05-08:00	-1120.01408717868	1.4921397450962104e-13	1120.01408717868
2008-06-05-09:00	-1155.86988616975	8.526512829121202e-14	1155.8698861697499
2008-06-05-10:00	-1176.23253800905	2.842170943040401e-14	1176.2325380090497
2008-06-05-11:00	-1186.29576475085	1.4210854715202004e-14	1186.29576475085
2008-06-05-12:00	-1197.56892267314	3.339550858072471e-13	1197.5689226731397
2008-06-05-13:00	-1198.75928073113	5.684341886080802e-14	1198.7592807311298
2008-06-05-14:00	-1204.98605538026	2.948752353404416e-13	1204.9860553802598
2008-06-05-15:00	-1196.40822450019	5.684341886080802e-14	1196.4082245001898
2008-06-05-16:00	-1181.20999507165	5.1514348342607263e-14	1181.20999507165
2008-06-05-17:00	-1167.30058971618	-1.4210854715202004e-13	1167.30058971618
2008-06-05-18:00	-1136.09755009894	3.197442310920451e-13	1136.0975500989398
2008-06-05-19:00	-1157.69967292326	1.1368683772161603e-13	1157.6996729232599
2008-06-05-20:00	-1105.16024864192	2.0961010704922955e-13	1105.16024864192
2008-06-05-21:00	-1011.80714142942	5.684341886080802e-14	1011.8071414294197
2008-06-05-22:00	-898.543965805503	2.842170943040401e-14	898.5439658055029
2008-06-05-23:00	-793.8488345004	5.684341886080802e-14	793.8488345004
2008-07-19-00:00	-756.04526965847	1.4210854715202004e-14	756.0452696584698
2008-07-19-01:00	-718.231858215031	-4.973799150320701e-14	718.231858215031
2008-07-19-02:00	-698.990698263411	7.283063041541027e-14	698.9906982634109
2008-07-19-03:00	-705.365051854667	1.9539925233402755e-13	705.365051854667
2008-07-19-04:00	-751.175945091703	0.0	751.1759450917029
2008-07-19-05:00	-849.339357302171	5.684341886080802e-14	849.3393573021708
2008-07-19-06:00	-948.870066196515	1.9895196601282805e-13	948.8700661965149
2008-07-19-07:00	-1028.13652922639	1.2789769243681803e-13	1028.1365292263897
2008-07-19-08:00	-1100.43844297703	1.2789769243681803e-13	1100.43844297703
2008-07-19-09:00	-1150.86288930262	4.263256414560601e-14	1150.86288930262
2008-07-19-10:00	-1176.34073054513	-1.4210854715202004e-13	1176.34073054513
2008-07-19-11:00	-1183.98409492594	2.1316282072803006e-14	1183.98409492594
2008-07-19-12:00	-1196.81157492052	1.4210854715202004e-13	1196.81157492052
2008-07-19-13:00	-1197.28373147091	-5.684341886080802e-14	1197.2837314709097
2008-07-19-14:00	-1200.65775353419	2.2737367544323206e-13	1200.6577535341899
2008-07-19-15:00	-1199.54616828827	4.050093593832571e-13	1199.5461682882699
2008-07-19-16:00	-1178.77043950764	2.5579538487363607e-13	1178.7704395076398
2008-07-19-17:00	-1157.8668249879	1.1368683772161603e-13	1157.8668249878997
2008-07-19-18:00	-1126.60482584211	2.5579538487363607e-13	1126.6048258421097
2008-07-19-19:00	-1150.12511467251	3.410605131648481e-13	1150.1251146725099
2008-07-19-20:00	-1103.29119556288	-1.9895196601282805e-13	1103.29119556288
2008-07-19-21:00	-1019.43081260721	7.105427357601002e-15	1019.4308126072099
2008-07-19-22:00	-911.794429383184	-1.7053025658242404e-13	911.794429383184
2008-07-19-23:00	-813.129380858055	2.842170943040401e-14	813.1293808580549
2008-08-30-00:00	-757.747050592372	0.0	757.7470505923718
2008-08-30-01:00	-720.759973152366	1.1013412404281553e-13	720.759973152366
2008-08-30-02:00	-704.450218518163	2.842170943040401e-14	704.450218518163
2008-08-30-03:00	-708.768673762726	5.684341886080802e-14	708.7686737627259
2008-08-30-04:00	-761.495003351967	2.842170943040401e-14	761.4950033519667
2008-08-30-05:00	-887.438019988094	1.545430450278218e-13	887.4380199880939
2008-08-30-06:00	-989.014840667876	9.237055564881302e-14	989.0148406678759
2008-08-30-07:00	-1049.91565071686	5.684341886080802e-14	1049.91565071686
2008-08-30-08:00	-1124.26373629318	2.842170943040401e-14	1124.26373629318
2008-08-30-09:00	-1169.70075887416	2.913225216616411e-13	1169.70075887416
2008-08-30-10:00	-1194.46051868958	1.4210854715202004e-13	1194.46051868958
2008-08-30-11:00	-1205.16317412691	4.440892098500626e-14	1205.1631741269098
2008-08-30-12:00	-1216.14117416496	8.526512829121202e-14	1216.1411741649597
2008-08-30-13:00	-1214.43939323106	1.0125233984581428e-13	1214.43939323106
2008-08-30-14:00	-1223.4599609375	8.526512829121202e-14	1223.4599609374998
2008-08-30-15:00	-1216.63302391837	4.263256414560601e-14	1216.63302391837
2008-08-30-16:00	-1189.82721235776	8.526512829121202e-14	1189.82721235776
2008-08-30-17:00	-1175.74068825564	-1.2789769243681803e-13	1175.74068825564
2008-08-30-18:00	-1183.86605578834	2.2737367544323206e-13	1183.8660557883397
2008-08-30-19:00	-1191.00772381423	7.105427357601002e-14	1191.00772381423
2008-08-30-20:00	-1124.93258471273	-5.684341886080802e-14	1124.93258471273
2008-08-30-21:00	-1024.76250716311	1.0658141036401503e-14	1024.76250716311
2008-08-30-22:00	-906.954644620943	9.947598300641403e-14	906.9546446209429
2008-08-30-23:00	-809.588026609382	7.105427357601002e-14	809.5880266093818
2008-09-07-00:00	-738.250179202794	-4.085620730620576e-14	738.2501792027938
2008-09-07-01:00	-701.951643385353	1.1368683772161603e-13	701.951643385353
2008-09-07-02:00	-684.323765034565	0.0	684.323765034565
2008-09-07-03:00	-688.09129091667	-5.684341886080802e-14	688.09129091667
2008-09-07-04:00	-741.476682364204	1.4566126083082054e-13	741.4766823642037
2008-09-07-05:00	-858.035227319842	-2.1316282072803006e-14	858.0352273198419
2008-09-07-06:00	-961.933564426038	4.263256414560601e-14	961.9335644260377
2008-09-07-07:00	-1037.34394220049	1.4210854715202004e-13	1037.34394220049
2008-09-07-08:00	-1106.85218297432	-7.105427357601002e-14	1106.8521829743202
2008-09-07-09:00	-1154.01079977272	-1.7763568394002505e-14	1154.01079977272
2008-09-07-10:00	-1182.38065992662	1.9895196601282805e-13	1182.3806599266197
2008-09-07-11:00	-1197.81484754984	2.7000623958883807e-13	1197.8148475498397
2008-09-07-12:00	-1208.37004412556	8.526512829121202e-14	1208.37004412556
2008-09-07-13:00	-1212.50153402196	3.979039320256561e-13	1212.5015340219597
2008-09-07-14:00	-1221.07936490203	9.947598300641403e-14	1221.0793649020297
2008-09-07-15:00	-1215.62963120854	2.5224267119483557e-13	1215.6296312085399
2008-09-07-16:00	-1190.01417770591	1.4210854715202004e-13	1190.01417770591
2008-09-07-17:00	-1159.80468419699	2.5579538487363607e-13	1159.8046841969897
2008-09-07-18:00	-1176.86212010307	1.2967404927621828e-13	1176.8621201030699
2008-09-07-19:00	-1145.60996755879	1.7053025658242404e-13	1145.6099675587898
2008-09-07-20:00	-1092.18518970522	1.7053025658242404e-13	1092.1851897052197
2008-09-07-21:00	-1018.57499883951	1.1368683772161603e-13	1018.5749988395098
2008-09-07-22:00	-926.392496441723	2.842170943040401e-14	926.3924964417229
2008-09-07-23:00	-834.495305326676	1.4210854715202004e-14	834.4953053266759
2008-09-12-00:00	-738.014040887347	0.0	738.0140408873469
2008-09-12-01:00	-717.494083584922	4.440892098500626e-14	717.494083584922
2008-09-12-02:00	-701.558139566528	1.2789769243681803e-13	701.5581395665279
2008-09-12-03:00	-708.926099306357	-2.842170943040401e-14	708.9260993063567
2008-09-12-04:00	-763.363996390756	0.0	763.363996390756
2008-09-12-05:00	-879.853675176088	1.2789769243681803e-13	879.853675176088
2008-09-12-06:00	-981.06653184157	1.7053025658242404e-13	981.0665318415699
2008-09-12-07:00	-1040.28519411941	-5.684341886080802e-14	1040.28519411941
2008-09-12-08:00	-1106.90141598186	-1.7053025658242404e-13	1106.90141598186
2008-09-12-09:00	-1146.51501433404	1.4210854715202004e-13	1146.5150143340397
2008-09-12-10:00	-1167.15301077406	1.9895196601282805e-13	1167.1530107740598
2008-09-12-11:00	-1170.67461177946	1.1368683772161603e-13	1170.6746117794598
2008-09-12-12:00	-1184.75140936057	-2.1316282072803006e-13	1184.75140936057
2008-09-12-13:00	-1190.69287272697	2.2737367544323206e-13	1190.69287272697
2008-09-12-14:00	-1194.83432930539	1.5631940186722204e-13	1194.83432930539
2008-09-12-15:00	-1189.52232795251	1.5631940186722204e-13	1189.52232795251
2008-09-12-16:00	-1171.94362256901	9.947598300641403e-14	1171.9436225690097
2008-09-12-17:00	-1134.55319470867	3.090860900556436e-13	1134.5531947086697
2008-09-12-18:00	-1175.94722672631	4.263256414560601e-14	1175.9472267263097
2008-09-12-19:00	-1155.63380789455	8.526512829121202e-14	1155.6338078945498
2008-09-12-20:00	-1087.53231025088	-1.9895196601282805e-13	1087.53231025088
2008-09-12-21:00	-991.838053449205	1.7763568394002505e-13	991.8380534492048
2008-09-12-22:00	-876.214035033088	7.283063041541027e-14	876.2140350330878
2008-09-12-23:00	-776.348841888717	1.7763568394002505e-13	776.3488418887168
2008-10-18-00:00	-720.287816601978	0.0	720.287816601978
2008-10-18-01:00	-689.822611655098	8.171241461241152e-14	689.822611655098
2008-10-18-02:00	-673.001374104725	2.1316282072803006e-14	673.001374104725
2008-10-18-03:00	-677.073904472585	1.1368683772161603e-13	677.0739044725849
2008-10-18-04:00	-735.466292787247	1.1368683772161603e-13	735.4662927872469
2008-10-18-05:00	-859.796087862796	8.171241461241152e-14	859.796087862796
2008-10-18-06:00	-966.576657319119	2.1316282072803006e-14	966.576657319119
2008-10-18-07:00	-1029.57281216108	1.9895196601282805e-13	1029.5728121610798
2008-10-18-08:00	-1090.61129451042	4.263256414560601e-14	1090.61129451042
2008-10-18-09:00	-1131.40528423857	1.3500311979441904e-13	1131.4052842385697
2008-10-18-10:00	-1152.55482363501	1.0658141036401503e-14	1152.5548236350098
2008-10-18-11:00	-1162.76562931893	1.1013412404281553e-13	1162.76562931893
2008-10-18-12:00	-1172.02227530057	1.4210854715202004e-14	1172.0222753005698
2008-10-18-13:00	-1176.52757581279	5.684341886080802e-14	1176.52757581279
2008-10-18-14:00	-1180.7870715288	-7.105427357601002e-14	1180.7870715287997
2008-10-18-15:00	-1170.76311111253	-4.263256414560601e-14	1170.7631111125297
2008-10-18-16:00	-1148.33483440554	0.0	1148.3348344055398
2008-10-18-17:00	-1157.11920375628	5.684341886080802e-14	1157.1192037562798
2008-10-18-18:00	-1199.77239996196	9.947598300641403e-14	1199.77239996196
2008-10-18-19:00	-1143.3277174579	7.105427357601002e-14	1143.3277174579
2008-10-18-20:00	-1076.5149238068	3.481659405224491e-13	1076.5149238067997
2008-10-18-21:00	-992.398769372918	-7.105427357601002e-14	992.398769372918
2008-10-18-22:00	-880.739028748319	1.4210854715202004e-14	880.739028748319
2008-10-18-23:00	-782.555983375087	1.580957587066223e-13	782.555983375087
2008-10-22-00:00	-703.171421167359	2.1316282072803006e-14	703.1714211673589
2008-10-22-01:00	-674.703155038628	1.7053025658242404e-13	674.703155038628
2008-10-22-02:00	-657.11460305362	-3.552713678800501e-14	657.1146030536202
2008-10-22-03:00	-664.374310217109	2.842170943040401e-14	664.374310217109
2008-10-22-04:00	-722.638872832918	4.263256414560601e-14	722.638872832918
2008-10-22-05:00	-838.194025078727	-8.526512829121202e-14	838.194025078727
2008-10-22-06:00	-938.610087545303	1.1368683772161603e-13	938.6100875453028
2008-10-22-07:00	-1007.91172980821	-1.545430450278218e-13	1007.9117298082099
2008-10-22-08:00	-1086.07645419368	-5.684341886080802e-14	1086.07645419368
2008-10-22-09:00	-1128.95588207305	7.460698725481052e-14	1128.95588207305
2008-10-22-10:00	-1156.14535085098	2.3447910280083306e-13	1156.1453508509799
2008-10-22-11:00	-1179.76398561596	2.8421709430404007e-13	1179.76398561596
2008-10-22-12:00	-1185.97118714258	-3.552713678800501e-14	1185.97118714258
2008-10-22-13:00	-1184.82021549063	1.1368683772161603e-13	1184.8202154906298
2008-10-22-14:00	-1187.92873955469	-1.4210854715202004e-14	1187.9287395546899
2008-10-22-15:00	-1177.47200899407	3.694822225952521e-13	1177.4720089940697
2008-10-22-16:00	-1160.8966963204	2.8421709430404007e-13	1160.8966963203998
2008-10-22-17:00	-1167.71366665752	2.1671553440683056e-13	1167.71366665752
2008-10-22-18:00	-1209.01919934209	2.2737367544323206e-13	1209.01919934209
2008-10-22-19:00	-1149.96768912888	2.842170943040401e-14	1149.9676891288798
2008-10-22-20:00	-1079.17086444299	1.5631940186722204e-13	1079.1708644429898
2008-10-22-21:00	-980.141851903557	1.3500311979441904e-13	980.1418519035569
2008-10-22-22:00	-867.291873301479	-1.2789769243681803e-13	867.291873301479
2008-10-22-23:00	-771.184419477957	9.237055564881302e-14	771.1844194779569
2008-11-07-00:00	-695.055900236165	2.4868995751603507e-14	695.0559002361649
2008-11-07-01:00	-669.361673921473	8.704148513061227e-14	669.361673921473
2008-11-07-02:00	-654.360256442599	-2.842170943040401e-14	654.3602564425989
2008-11-07-03:00	-663.12505267083	1.4210854715202004e-14	663.12505267083
2008-11-07-04:00	-720.573067844462	-1.4210854715202004e-14	720.573067844462
2008-11-07-05:00	-846.742376194528	3.019806626980426e-14	846.7423761945279
2008-11-07-06:00	-956.670796080698	2.842170943040401e-14	956.670796080698
2008-11-07-07:00	-1001.4094304376	-6.927791673660977e-14	1001.4094304376001
2008-11-07-08:00	-1067.08127915902	1.7053025658242404e-13	1067.0812791590197
2008-11-07-09:00	-1114.1020435363	2.6290081223123707e-13	1114.1020435362998
2008-11-07-10:00	-1148.38394733257	5.684341886080802e-14	1148.38394733257
2008-11-07-11:00	-1162.72636299341	-1.4210854715202004e-13	1162.72636299341
2008-11-07-12:00	-1171.44192621409	5.684341886080802e-14	1171.4419262140898
2008-11-07-13:00	-1182.17412145595	-1.1368683772161603e-13	1182.1741214559497
2008-11-07-14:00	-1184.08244086052	-5.684341886080802e-14	1184.08244086052
2008-11-07-15:00	-1174.36348493	-4.263256414560601e-14	1174.36348493
2008-11-07-16:00	-1158.22094240069	1.545430450278218e-13	1158.22094240069
2008-11-07-17:00	-1205.95006168406	0.0	1205.95006168406
2008-11-07-18:00	-1215.73794382513	1.2789769243681803e-13	1215.73794382513
2008-11-07-19:00	-1163.11002021072	1.9895196601282805e-13	1163.1100202107198
2008-11-07-20:00	-1099.02197332586	2.3803181647963356e-13	1099.0219733258598
2008-11-07-21:00	-1011.06936679932	-4.263256414560601e-14	1011.06936679932
2008-11-07-22:00	-890.054634258501	0.0	890.054634258501
2008-11-07-23:00	-790.100941781059	-2.842170943040401e-14	790.100941781059
2008-12-04-00:00	-706.053653517486	4.263256414560601e-14	706.053653517486
2008-12-04-01:00	-671.024128489594	2.4868995751603507e-14	671.024128489594
2008-12-04-02:00	-660.400185824082	2.842170943040401e-14	660.400185824082
2008-12-04-03:00	-677.231269975964	1.1368683772161603e-13	677.2312699759639
2008-12-04-04:00	-743.414601613554	1.509903313490213e-13	743.4146016135539
2008-12-04-05:00	-875.987743319149	3.019806626980426e-14	875.9877433191489
2008-12-04-06:00	-1000.27821202892	1.4210854715202004e-13	1000.2782120289198
2008-12-04-07:00	-1037.60956028021	5.684341886080802e-14	1037.60956028021
2008-12-04-08:00	-1083.29262781839	2.5579538487363607e-13	1083.29262781839
2008-12-04-09:00	-1125.18835619094	1.1368683772161603e-13	1125.18835619094
2008-12-04-10:00	-1135.89101162827	0.0	1135.89101162827
2008-12-04-11:00	-1144.1639581031	1.7763568394002505e-15	1144.1639581031
2008-12-04-12:00	-1142.53098329925	1.7053025658242404e-13	1142.5309832992498
2008-12-04-13:00	-1131.05116682578	7.815970093361102e-14	1131.05116682578
2008-12-04-14:00	-1130.39216500774	-9.947598300641403e-14	1130.3921650077398
2008-12-04-15:00	-1129.8609288483	0.0	1129.8609288483
2008-12-04-16:00	-1136.06813037492	-5.684341886080802e-14	1136.06813037492
2008-12-04-17:00	-1204.61224476445	-8.526512829121202e-14	1204.61224476445
2008-12-04-18:00	-1215.97402210033	-4.085620730620576e-14	1215.97402210033
2008-12-04-19:00	-1164.24117857915	-8.526512829121202e-14	1164.24117857915
2008-12-04-20:00	-1095.27402056627	-5.684341886080802e-14	1095.27402056627
2008-12-04-21:00	-1010.78405551658	1.1368683772161603e-13	1010.7840555165799
2008-12-04-22:00	-892.582749195837	4.263256414560601e-14	892.5827491958369
2008-12-04-23:00	-775.374988983414	2.842170943040401e-14	775.3749889834139
2008-12-31-00:00	-679.346247931709	2.842170943040401e-14	679.346247931709
2008-12-31-01:00	-639.890015082913	-3.019806626980426e-14	639.890015082913
2008-12-31-02:00	-621.465342533217	-6.039613253960852e-14	621.465342533217
2008-12-31-03:00	-624.032783836334	-1.1013412404281553e-13	624.0327838363341
2008-12-31-04:00	-660.980534910559	1.0658141036401503e-14	660.980534910559
2008-12-31-05:00	-735.230214512053	8.526512829121202e-14	735.230214512053
2008-12-31-06:00	-817.831433279682	2.1316282072803006e-14	817.8314332796817
2008-12-31-07:00	-878.860189108021	5.684341886080802e-14	878.8601891080209
2008-12-31-08:00	-948.909392562296	5.684341886080802e-14	948.909392562296
2008-12-31-09:00	-998.350139381076	-1.2789769243681803e-13	998.3501393810759
2008-12-31-10:00	-1009.99716795943	5.684341886080802e-14	1009.99716795943
2008-12-31-11:00	-1011.42348421211	5.684341886080802e-14	1011.4234842121098
2008-12-31-12:00	-1000.61263623869	-1.4210854715202004e-14	1000.6126362386901
2008-12-31-13:00	-992.762733387218	7.815970093361102e-14	992.7627333872178
2008-12-31-14:00	-979.482790045264	-2.842170943040401e-14	979.482790045264
2008-12-31-15:00	-988.670509816341	-5.684341886080802e-14	988.6705098163409
2008-12-31-16:00	-1000.72082877478	1.1368683772161603e-13	1000.7208287747799
2008-12-31-17:00	-1041.75101685863	9.947598300641403e-14	1041.75101685863
2008-12-31-18:00	-1024.18203799613	7.105427357601002e-14	1024.18203799613
2008-12-31-19:00	-940.990623540515	7.105427357601002e-15	940.9906235405149
2008-12-31-20:00	-883.562241529647	-1.4210854715202004e-14	883.562241529647
2008-12-31-21:00	-839.226897552829	-2.842170943040401e-14	839.2268975528289
2008-12-31-22:00	-797.882038502479	1.2789769243681803e-13	797.882038502479
2008-12-31-23:00	-732.623386802901	8.881784197001252e-14	732.623386802901
2008-02-06-00:00	-671.950012207031	-5.861977570020827e-14	671.950012207031
2008-02-06-01:00	-643.059997558594	-8.526512829121202e-14	643.059997558594
2008-02-06-02:00	-631.900024414062	0.0	631.900024414062
2008-02-06-03:00	-643.580017089844	2.842170943040401e-14	643.580017089844
2008-02-06-04:00	-710.150024414062	4.263256414560601e-14	710.150024414062
2008-02-06-05:00	-836.700012207031	1.8829382497642655e-13	836.700012207031
2008-02-06-06:00	-958.809997558594	-1.1191048088221578e-13	958.809997558594
2008-02-06-07:00	-969.780029296875	-2.1316282072803006e-14	969.780029296875
2008-02-06-08:00	-1016.46997070312	1.1368683772161603e-13	1016.46997070312
2008-02-06-09:00	-1044.56005859375	1.0658141036401503e-14	1044.56005859375
2008-02-06-10:00	-1073.81994628906	-9.947598300641403e-14	1073.81994628906
2008-02-06-11:00	-1071.15002441406	-4.263256414560601e-14	1071.15002441406
2008-02-06-12:00	-1079.30004882812	1.6697754290362354e-13	1079.3000488281198
2008-02-06-13:00	-1084.22998046875	9.947598300641403e-14	1084.22998046875
2008-02-06-14:00	-1088.28002929688	2.5579538487363607e-13	1088.2800292968798
2008-02-06-15:00	-1076.0400390625	1.4210854715202004e-13	1076.0400390624998
2008-02-06-16:00	-1083.26000976562	1.4210854715202004e-14	1083.26000976562
2008-02-06-17:00	-1094.91003417969	1.4210854715202004e-14	1094.91003417969
2008-02-06-18:00	-1155.21997070312	-5.684341886080802e-14	1155.21997070312
2008-02-06-19:00	-1121.47998046875	8.526512829121202e-14	1121.47998046875
2008-02-06-20:00	-1062.23999023438	-2.1316282072803006e-13	1062.2399902343802
2008-02-06-21:00	-975.299987792969	1.5631940186722204e-13	975.2999877929688
2008-02-06-22:00	-858.27001953125	-1.1368683772161603e-13	858.27001953125
2008-02-06-23:00	-759.0	6.394884621840902e-14	759.0
2008-03-27-00:00	-670.390014648438	-1.0658141036401503e-14	670.390014648438
2008-03-27-01:00	-636.140014648438	5.684341886080802e-14	636.140014648438
2008-03-27-02:00	-622.27001953125	-2.842170943040401e-14	622.27001953125
2008-03-27-03:00	-630.950012207031	-3.552713678800501e-15	630.9500122070311
2008-03-27-04:00	-682.47998046875	-3.019806626980426e-14	682.47998046875
2008-03-27-05:00	-783.169982910156	1.1013412404281553e-13	783.1699829101558
2008-03-27-06:00	-873.080017089844	1.1368683772161603e-13	873.0800170898438
2008-03-27-07:00	-951.900024414062	-6.217248937900877e-14	951.900024414062
2008-03-27-08:00	-1015.35998535156	6.394884621840902e-14	1015.35998535156
2008-03-27-09:00	-1052.01000976562	-1.4210854715202004e-14	1052.01000976562
2008-03-27-10:00	-1061.39001464844	1.4210854715202004e-13	1061.39001464844
2008-03-27-11:00	-1069.92004394531	-8.348877145181177e-14	1069.92004394531
2008-03-27-12:00	-1078.71997070312	-1.1368683772161603e-13	1078.71997070312
2008-03-27-13:00	-1085.60998535156	1.5631940186722204e-13	1085.60998535156
2008-03-27-14:00	-1081.07995605469	-3.552713678800501e-15	1081.07995605469
2008-03-27-15:00	-1078.30004882812	1.1368683772161603e-13	1078.30004882812
2008-03-27-16:00	-1069.34997558594	2.0605739337042905e-13	1069.3499755859398
2008-03-27-17:00	-1058.48999023438	4.263256414560601e-14	1058.48999023438
2008-03-27-18:00	-1084.52001953125	2.7355895326763857e-13	1084.5200195312498
2008-03-27-19:00	-1069.68994140625	-7.105427357601002e-15	1069.68994140625
2008-03-27-20:00	-1005.41998291016	1.1368683772161603e-13	1005.4199829101599
2008-03-27-21:00	-924.820007324219	8.526512829121202e-14	924.8200073242188
2008-03-27-22:00	-817.219970703125	5.1514348342607263e-14	817.2199707031248
2008-03-27-23:00	-731.789978027344	7.105427357601002e-15	731.789978027344
2008-06-17-00:00	-722.739990234375	3.197442310920451e-14	722.739990234375
2008-06-17-01:00	-689.919982910156	7.105427357601002e-14	689.919982910156
2008-06-17-02:00	-671.400024414062	8.526512829121202e-14	671.400024414062
2008-06-17-03:00	-677.590026855469	3.019806626980426e-14	677.590026855469
2008-06-17-04:00	-729.890014648438	5.684341886080802e-14	729.890014648438
2008-06-17-05:00	-828.460021972656	1.0658141036401503e-13	828.4600219726558
2008-06-17-06:00	-930.309997558594	1.4210854715202004e-13	930.309997558594
2008-06-17-07:00	-1015.26000976562	0.0	1015.26000976562
2008-06-17-08:00	-1063.10998535156	1.2789769243681803e-13	1063.10998535156
2008-06-17-09:00	-1100.92004394531	9.947598300641403e-14	1100.9200439453098
2008-06-17-10:00	-1120.73999023438	7.105427357601002e-14	1120.73999023438
2008-06-17-11:00	-1130.63000488281	1.7053025658242404e-13	1130.6300048828098
2008-06-17-12:00	-1137.63000488281	8.704148513061227e-14	1137.63000488281
2008-06-17-13:00	-1142.40002441406	-5.684341886080802e-14	1142.40002441406
2008-06-17-14:00	-1132.13000488281	1.7053025658242404e-13	1132.1300048828098
2008-06-17-15:00	-1125.47998046875	3.907985046680551e-14	1125.4799804687498
2008-06-17-16:00	-1110.2900390625	2.8421709430404007e-13	1110.2900390624998
2008-06-17-17:00	-1096.61999511719	2.2737367544323206e-13	1096.6199951171898
2008-06-17-18:00	-1097.02001953125	2.842170943040401e-14	1097.02001953125
2008-06-17-19:00	-1120.40002441406	1.7053025658242404e-13	1120.40002441406
2008-06-17-20:00	-1067.01000976562	1.1368683772161603e-13	1067.0100097656198
2008-06-17-21:00	-977.260009765625	2.2737367544323206e-13	977.2600097656248
2008-06-17-22:00	-869.5	5.684341886080802e-14	869.4999999999998
2008-06-17-23:00	-775.679992675781	1.1368683772161603e-13	775.679992675781
2008-07-07-00:00	-756.929992675781	0.0	756.929992675781
2008-07-07-01:00	-715.549987792969	4.263256414560601e-14	715.549987792969
2008-07-07-02:00	-696.630004882812	-3.552713678800501e-15	696.630004882812
2008-07-07-03:00	-703.789978027344	2.842170943040401e-14	703.789978027344
2008-07-07-04:00	-750.609985351562	2.1316282072803006e-14	750.609985351562
2008-07-07-05:00	-843.0	0.0	843.0
2008-07-07-06:00	-958.919982910156	2.2737367544323206e-13	958.9199829101558
2008-07-07-07:00	-1052.9599609375	1.3500311979441904e-13	1052.9599609375
2008-07-07-08:00	-1122.27001953125	1.2789769243681803e-13	1122.2700195312498
2008-07-07-09:00	-1167.36999511719	0.0	1167.3699951171898
2008-07-07-10:00	-1193.77001953125	-1.2434497875801753e-14	1193.77001953125
2008-07-07-11:00	-1204.08996582031	7.105427357601002e-14	1204.08996582031
2008-07-07-12:00	-1213.55004882812	8.526512829121202e-14	1213.5500488281198
2008-07-07-13:00	-1220.65002441406	2.8421709430404007e-13	1220.6500244140598
2008-07-07-14:00	-1210.47998046875	1.8829382497642655e-13	1210.4799804687498
2008-07-07-15:00	-1198.44995117188	4.192202140984591e-13	1198.4499511718798
2008-07-07-16:00	-1178.48999023438	5.684341886080802e-14	1178.48999023438
2008-07-07-17:00	-1162.42004394531	3.552713678800501e-13	1162.4200439453098
2008-07-07-18:00	-1141.81005859375	-1.2789769243681803e-13	1141.8100585937498
2008-07-07-19:00	-1169.31994628906	-2.398081733190338e-13	1169.31994628906
2008-07-07-20:00	-1116.03002929688	9.947598300641403e-14	1116.03002929688
2008-07-07-21:00	-1027.09997558594	1.4210854715202004e-13	1027.0999755859398
2008-07-07-22:00	-915.700012207031	1.7763568394002505e-14	915.700012207031
2008-07-07-23:00	-812.950012207031	-1.4210854715202004e-14	812.950012207031
2008-08-24-00:00	-747.02001953125	-1.7763568394002505e-14	747.02001953125
2008-08-24-01:00	-712.27001953125	1.2789769243681803e-13	712.27001953125
2008-08-24-02:00	-685.239990234375	-2.842170943040401e-14	685.239990234375
2008-08-24-03:00	-679.330017089844	4.263256414560601e-14	679.330017089844
2008-08-24-04:00	-686.359985351562	5.684341886080802e-14	686.359985351562
2008-08-24-05:00	-711.299987792969	1.7053025658242404e-13	711.299987792969
2008-08-24-06:00	-758.929992675781	-1.2434497875801753e-14	758.929992675781
2008-08-24-07:00	-856.359985351562	1.1368683772161603e-13	856.359985351562
2008-08-24-08:00	-949.349975585938	4.263256414560601e-14	949.3499755859377
2008-08-24-09:00	-1003.60998535156	1.2789769243681803e-13	1003.6099853515598
2008-08-24-10:00	-1035.42004394531	1.1368683772161603e-13	1035.42004394531
2008-08-24-11:00	-1048.5	8.526512829121202e-14	1048.5
2008-08-24-12:00	-1062.03002929688	-1.4210854715202004e-14	1062.03002929688
2008-08-24-13:00	-1063.93994140625	0.0	1063.93994140625
2008-08-24-14:00	-1069.51000976562	1.1368683772161603e-13	1069.51000976562
2008-08-24-15:00	-1079.91003417969	2.2737367544323206e-13	1079.9100341796898
2008-08-24-16:00	-1087.2900390625	9.947598300641403e-14	1087.2900390625
2008-08-24-17:00	-1088.47998046875	-5.684341886080802e-14	1088.47998046875
2008-08-24-18:00	-1099.71997070312	-2.842170943040401e-14	1099.71997070312
2008-08-24-19:00	-1117.59997558594	9.947598300641403e-14	1117.59997558594
2008-08-24-20:00	-1064.05004882812	1.4921397450962104e-13	1064.05004882812
2008-08-24-21:00	-990.72998046875	1.4210854715202004e-13	990.7299804687498
2008-08-24-22:00	-885.25	-1.2789769243681803e-13	885.25
2008-08-24-23:00	-792.349975585938	-5.684341886080802e-14	792.349975585938
2008-11-06-00:00	-708.669982910156	1.1368683772161603e-13	708.669982910156
2008-11-06-01:00	-676.299987792969	2.842170943040401e-14	676.299987792969
2008-11-06-02:00	-660.859985351562	1.4210854715202004e-14	660.859985351562
2008-11-06-03:00	-672.25	1.1368683772161603e-13	672.25
2008-11-06-04:00	-724.429992675781	8.526512829121202e-14	724.429992675781
2008-11-06-05:00	-846.659973144531	1.4210854715202004e-14	846.6599731445308
2008-11-06-06:00	-948.119995117188	1.1368683772161603e-13	948.1199951171877
2008-11-06-07:00	-1003.29998779297	1.7053025658242404e-13	1003.2999877929699
2008-11-06-08:00	-1068.51000976562	0.0	1068.5100097656198
2008-11-06-09:00	-1109.43994140625	4.263256414560601e-14	1109.43994140625
2008-11-06-10:00	-1131.05004882812	2.842170943040401e-14	1131.05004882812
2008-11-06-11:00	-1137.93005371094	-5.684341886080802e-14	1137.93005371094
2008-11-06-12:00	-1145.39001464844	-1.2789769243681803e-13	1145.39001464844
2008-11-06-13:00	-1128.67004394531	2.2382096176443156e-13	1128.67004394531
2008-11-06-14:00	-1129.38000488281	1.2789769243681803e-13	1129.3800048828098
2008-11-06-15:00	-1117.55004882812	-1.4210854715202004e-14	1117.55004882812
2008-11-06-16:00	-1101.10998535156	0.0	1101.1099853515598
2008-11-06-17:00	-1124.2900390625	-2.1316282072803006e-13	1124.2900390625
2008-11-06-18:00	-1146.7900390625	-9.947598300641403e-14	1146.7900390625
2008-11-06-19:00	-1096.03002929688	1.2079226507921703e-13	1096.0300292968798
2008-11-06-20:00	-1027.92004394531	-1.8474111129762605e-13	1027.92004394531
2008-11-06-21:00	-936.840026855469	1.8474111129762605e-13	936.8400268554688
2008-11-06-22:00	-832.849975585938	1.1368683772161603e-13	832.8499755859377
2008-11-06-23:00	-745.77001953125	-2.842170943040401e-14	745.77001953125
